Device,Max Clients,Unique Clients,Building
Frear Q 528B Tmp,4,4,Frear
Mokihana 1283 Tmp,4,7,Mokihana
Wainani I 1454A Tmp,5,7,Wainani
Hamilton P2 015 DH,0,0,Hamilton Library
Hamilton P2 015-Acquisitions Dept,0,0,Hamilton Library
Wainani F 1102LR Tmp,2,2,Wainani
Frear D 907C Tmp,3,3,Frear
Wainani H 362B Temp,0,0,Wainani
Frear D 507C Temp,3,3,Frear
Frear D 207C Temp,3,3,Frear
Frear D 707C Temp,2,2,Frear
Noelani E Store,5,5,Noelani
Lokelani 1058 Temp,6,6,Lokelani
Lehua 1012 Temp,2,2,Lehua
HA Cafe Display Test,2,2,Hale Aloha Cafe
Hale Aloha-Cafeteria Storage,0,0,Hale Aloha Cafe
Frear D 1007C Temp,2,3,Frear
Lehua 408 Temp,3,4,Lehua
Frear D 1201C,0,0,Frear
Frear D 601C,4,4,Frear
Frear D 807C Temp,2,2,Frear
Frear D 801C,3,4,Frear
Frear Closet install 1 TEMP (NO SIMP),0,0,Frear
Sinclair ACM 193,0,0,Sinclair Library
Laulima 311T,4,5,Hale Laulima
Frear D 607C Temp,5,6,Mokihana
Sinclair ACM 191A,0,1,Sinclair Library
Sinclair ACM 193A,0,0,Sinclair Library
Sinclair ACM 192,2,2,Sinclair Library
Sinclair ACM B03 Makai,0,0,Sinclair Library
Sinclair ACM 194,1,1,Sinclair Library
Sinclair ACM B08D,0,0,Sinclair Library
Sinclair ACM B08 DH,0,0,Sinclair Library
Kennedy ECB Outdoor,2,9,Kennedy
Crawford ECB Outdoor,0,5,Architecture-Hawaii Hall Outdoor Lawn
Architecture_outdoor,1,2,Architecture-Hawaii Hall Outdoor Lawn
Sodexo Gateway Office AP,1,1,Gateway
Spalding 256,1,1,Spalding Hall
Moore 328,0,0,Moore Hall
Moore 316,0,0,Moore Hall
Moore 323 Hallway,0,0,Moore Hall
Moore 460 Hallway,0,0,Moore Hall
Moore 370 Hallway,0,0,Moore Hall
Moore 453 Hallway,0,0,Moore Hall
Moore 483 Hallway,0,0,Moore Hall
Moore 308,0,0,Moore Hall
Moore 323,0,0,Moore Hall
Moore 251,0,1,Moore Hall
Moore 386 Hallway,1,1,Moore Hall
Moore 426,0,0,Moore Hall
Moore 310 Hallway,1,1,Moore Hall
Moore 352 Hallway,0,0,Moore Hall
Moore 393 Hallway,0,0,Moore Hall
Moore 383 Hallway,1,1,Moore Hall
Moore 402 Hallway,0,0,Moore Hall
Moore 257,0,0,Moore Hall
Moore 255 Hallway,0,0,Moore Hall
Moore 457 Hallway,0,0,Moore Hall
Moore 585 Hallway,0,0,Moore Hall
Moore 464 Hallway,0,0,Moore Hall
Moore 432 Hallway,3,3,Moore Hall
Moore 365 Hallway,0,0,Moore Hall
Moore 570 Hallway,0,0,Moore Hall
Moore 428,1,1,Moore Hall
Moore 455 Hallway,0,0,Moore Hall
Moore 416,0,0,Moore Hall
Moore 319,0,0,Moore Hall
Moore 107,0,0,Moore Hall
Moore 560 Hallway,0,0,Moore Hall
Moore 155B,1,1,Moore Hall
Moore 470,1,1,Moore Hall
Moore 325,0,0,Moore Hall
Moore 372 Hallway,1,1,Moore Hall
Moore 225,0,0,Moore Hall
Moore 153B,0,2,Moore Hall
Moore 152,1,1,Moore Hall
Moore 153A,1,3,Moore Hall
Moore 262,0,0,Moore Hall
Moore 103,0,0,Moore Hall
Moore 331 Hallway,0,0,Moore Hall
Moore 564 Hallway,0,0,Moore Hall
Moore 119,0,0,Moore Hall
Moore 216,0,0,Moore Hall
Moore 264,0,0,Moore Hall
Moore 204,0,0,Moore Hall
Moore 228 Makai,0,0,Moore Hall
Moore 111,0,0,Moore Hall
Moore 117 Ewa,0,0,Moore Hall
Moore 202,0,0,Moore Hall
Moore 155A,1,1,Moore Hall
Moore 227,0,0,Moore Hall
Moore 423 Hallway,0,0,Moore Hall
Moore 259,0,0,Moore Hall
Moore 211 Hallway,0,0,Moore Hall
Moore 120,0,0,Moore Hall
Moore 203,0,0,Moore Hall
Moore 105,0,0,Moore Hall
Moore 224,0,0,Moore Hall
Moore 421 Hallway,0,0,Moore Hall
Moore 414 Hallway,0,0,Moore Hall
Moore 226,0,1,Moore Hall
Moore 207,0,0,Moore Hall
Moore 208A Hallway,0,0,Moore Hall
Moore 254,0,1,Moore Hall
Moore 394,0,0,Moore Hall
Moore 206,0,0,Moore Hall
Moore 228 Mauka,0,1,Moore Hall
Hamilton P3 456,0,0,Hamilton Library
Hamilton P1 003 - INS Commons Area,0,2,Hamilton Library
Hamilton P3 356 Makai,0,0,Hamilton Library
Hamilton P3 550,0,0,Hamilton Library
Hamilton P2 235 Hallway,0,0,Hamilton Library
Hamilton P2 112B,0,1,Hamilton Library
Hamilton P2 109A,0,0,Hamilton Library
Hamilton P3 A260 Mauka,0,0,Hamilton Library
Hamilton P2 504,0,0,Hamilton Library
Hamilton P3 553,0,0,Hamilton Library
Hamilton P3 356 Mauka,0,0,Hamilton Library
Hamilton P3 552 DH,0,0,Hamilton Library
Hamilton P3 354A DH,0,0,Hamilton Library
Hamilton P2 526,0,0,Hamilton Library
Hamilton P3 150A,3,5,Hamilton Library
Hamilton P3 A153,0,0,Hamilton Library
Hamilton P2 114A/113,0,1,Hamilton Library
Hamilton P3 Bridge,0,2,Hamilton Library
Hamilton P3 A260 Makai,0,0,Hamilton Library
Hamilton P3 456 Mauka,0,0,Hamilton Library
Hamilton P2 008I Hallway,0,0,Hamilton Library
Hamilton P2 401,1,1,Hamilton Library
Hamilton P3 456 Makai,0,0,Hamilton Library
Hamilton P3 454A DH,0,0,Hamilton Library
Hamilton P3 A261 Study Area,0,0,Hamilton Library
Hamilton P3 151E,0,0,Hamilton Library
Hamilton P3 150A Study Area,0,2,Hamilton Library
Hamilton P3 553C,0,0,Hamilton Library
Hamilton P3 356,0,0,Hamilton Library
Hamilton P3 258,0,1,Hamilton Library
Hamilton P2 501,0,0,Hamilton Library
Hamilton P2 120,0,1,Hamilton Library
Hamilton P2 200 Elevator7 Column,0,0,Hamilton Library
Hamilton P2 110A,1,1,Hamilton Library
Hamilton 412 Hallway,0,0,Hamilton Library
Hamilton P1 100 CLIC,0,0,Hamilton Library
Hamilton 4th Fl Asia 39,0,0,Hamilton Library
Hamilton P2 113,0,1,Hamilton Library
Hamilton P2 422/423 Hallway,0,0,Hamilton Library
Hamilton P1 301-Conference Rm,0,0,Hamilton Library
Hamilton P1 101 Ewa,0,0,Hamilton Library
Hamilton P2 014 DH,1,1,Hamilton Library
Hamilton P2 320,0,0,Hamilton Library
Hamilton P2 511,0,0,Hamilton Library
Hamilton P3 BET,0,2,Hamilton Library
Hamilton P1 002-Administration,0,2,Hamilton Library
Hamilton P1 200,0,0,Hamilton Library
Hamilton P3 552 Ewa,0,0,Hamilton Library
Hamilton P2 400,0,0,Hamilton Library
Hamilton P3 156,0,0,Hamilton Library
Hamilton P1 003 Mauka,0,2,Hamilton Library
Hamilton P2 016,0,0,Hamilton Library
Hamilton P1 003F,1,1,Hamilton Library
Hamilton 4th Fl Asia 12,0,0,Hamilton Library
Hamilton P2 306 Ewa,1,1,Hamilton Library
Hamilton P2 006B,0,2,Hamilton Library
Hamilton P1 002k (old),0,0,Hamilton Library
Hamilton P3 052,3,5,Hamilton Library
Hamilton 4th Fl Asia 27,0,0,Hamilton Library
Hamilton P1 006A Ewa,0,0,Hamilton Library
Hamilton P2 405-Asia-Collections-Staff,0,0,Hamilton Library
Hamilton P1 201 Hallway,0,0,Hamilton Library
Hamilton P1 102,0,0,Hamilton Library
Hamilton 4th Fl Asia 32,0,0,Hamilton Library
Hamilton PI 006C,0,0,Hamilton Library
Hamilton P2 108,0,0,Hamilton Library
Hamilton P2 1stFl Elevator,0,3,Hamilton Library
Hamilton P1 006D Ewa,1,1,Hamilton Library
Hamilton P1 006A,0,1,Hamilton Library
Hamilton P1 006D DH,0,0,Hamilton Library
Hamilton P1 211 Hallway,0,0,Hamilton Library
Hamilton P2 029,0,2,Hamilton Library
Hamilton P1 208,0,0,Hamilton Library
Hamilton P1 006 DH,0,1,Hamilton Library
Hamilton P1 202,0,0,Hamilton Library
Hamilton P1 101 DH,0,0,Hamilton Library
Hamilton P1 100-Study Area,0,0,Hamilton Library
Hamilton 4th Fl Asia 22,0,0,Hamilton Library
Hamilton P2 508,0,0,Hamilton Library
Hamilton P2 014 Ewa,1,1,Hamilton Library
Hamilton 4th Fl Asia 20,0,0,Hamilton Library
Hamilton P1 002K,0,0,Hamilton Library
Hamilton P2 112,0,0,Hamilton Library
Hamilton P2 3rdFl-Freight Elevator,0,0,Hamilton Library
Hamilton P2 026,0,1,Hamilton Library
Hamilton P2 306 DH,1,1,Hamilton Library
Hamilton 4th Fl Asia 16,0,0,Hamilton Library
Hamilton P2 159 Mauka,0,3,Hamilton Library
Hamilton 4th Fl Asia 34,0,0,Hamilton Library
Hamilton P1 101 Hallway,0,2,Hamilton Library
Hamilton P2 217 Hallway,0,0,Hamilton Library
Hamilton P2 008 DH,0,0,Hamilton Library
Hamilton P1 159 Makai,0,0,Hamilton Library
Hamilton P1 003 Makai,1,3,Hamilton Library
Hamilton P1 006A GovDocs,2,2,Hamilton Library
Hamilton P2 008 Ewa,0,1,Hamilton Library
Hamilton P2 123,0,1,Hamilton Library
Hamilton P1 006 Ewa,1,2,Hamilton Library
Spalding 258A,0,0,Spalding Hall
Spalding 258,2,3,Spalding Hall
Edmondson 114,1,1,Edmondson Hall
Edmondson 112,3,3,Edmondson Hall
Edmondson 111,0,0,Edmondson Hall
Edmondson 3rd Fl Lanai,0,0,Edmondson Hall
Edmondson 1st Fl Lanai,0,2,Edmondson Hall
Edmondson 2nd Fl Lanai,0,1,Edmondson Hall
Edmondson 104,0,0,Edmondson Hall
Edmondson 101,1,1,Edmondson Hall
Edmondson 110,0,0,Edmondson Hall
Edmondson 103,0,0,Edmondson Hall
Edmondson 408,0,0,Edmondson Hall
Edmondson 212,0,0,Edmondson Hall
Edmondson 301 Mauka,3,3,Edmondson Hall
Edmondson 301 Makai,0,0,Edmondson Hall
Edmondson 401 Center,1,1,Edmondson Hall
Webster 203 Makai,0,0,Webster Hall
Webster 115,2,2,Webster Hall
Edmondson 301 Center,0,0,Edmondson Hall
Edmondson 401 Mauka,1,1,Edmondson Hall
Webster 101 Mauka,5,5,Webster Hall
Webster 446 Hallway,2,2,Webster Hall
Webster 114,0,0,Webster Hall
Webster 116,0,0,Webster Hall
Edmondson 411,1,1,Edmondson Hall
Webster 203 Ewa,0,0,Webster Hall
Webster 103 Hallway,0,0,Webster Hall
Edmondson 418,0,0,Edmondson Hall
Edmondson 203,2,2,Edmondson Hall
Webster 102,0,0,Webster Hall
Webster 112,3,3,Webster Hall
Edmondson 313,0,1,Edmondson Hall
Edmondson 401 Makai,0,0,Edmondson Hall
Edmondson 216,1,1,Edmondson Hall
Edmondson 201,0,0,Edmondson Hall
Webster 407 Hallway,1,1,Webster Hall
Edmondson 414,0,0,Edmondson Hall
Webster 327 Hallway,0,0,Webster Hall
Webster 303 Hallway,0,0,Webster Hall
Edmondson 215,1,1,Edmondson Hall
Webster 101 Makai,2,2,Webster Hall
Webster 103,0,0,Webster Hall
Webster Hallway 319E,0,0,Webster Hall
Webster 412 Hallway,0,0,Webster Hall
Webster 314 Hallway,1,1,Webster Hall
Webster 205,0,0,Webster Hall
Edmondson 213A,1,1,Edmondson Hall
Webster 214 Hallway,0,0,Webster Hall
Webster 438 Hallway,0,1,Webster Hall
Webster 432 Hallway,1,1,Webster Hall
Webster 218 Hallway,0,0,Webster Hall
Edmondson 309,1,1,Edmondson Hall
Edmondson 205,2,2,Edmondson Hall
Webster 203 Mauka,0,0,Webster Hall
Webster Hallway 317,0,0,Webster Hall
Webster 442 Hallway,0,1,Webster Hall
Webster 337 Hallway,0,0,Webster Hall
Webster 323 Hallway,0,0,Webster Hall
Edmondson 318,1,1,Edmondson Hall
Edmondson 308,0,0,Edmondson Hall
Webster 301,2,3,Webster Hall
Webster 402,1,1,Webster Hall
Webster 104,0,0,Webster Hall
Webster 201A,1,1,Webster Hall
Webster 204AA,1,1,Webster Hall
Edmondson 4th Fl Lanai,0,0,Edmondson Hall
Webster 113,0,0,Webster Hall
Webster 334,4,4,Webster Hall
Snyder 401C Hallway,0,0,Snyder Hall
Webster 403 Hallway,0,0,Webster Hall
Webster 200A,1,3,Webster Hall
Snyder 410 Hallway,0,0,Snyder Hall
Webster 332 Hallway,0,0,Webster Hall
Webster 201,0,0,Webster Hall
Webster 222 Hallway,0,0,Webster Hall
Snyder 411 Hallway,0,0,Snyder Hall
Spalding 353B,0,0,Spalding Hall
Spalding 354D,1,2,Spalding Hall
Paradise Palms DH Makai Dining,0,0,Paradise Palms
Paradise Palms Dunkin,0,0,Paradise Palms
Spalding 352,0,0,Spalding Hall
Spalding 255,1,1,Spalding Hall
Paradise Palms Center Dining,0,0,Paradise Palms
Spalding 454,0,0,Spalding Hall
Spalding 362,0,0,Spalding Hall
Spalding 358,0,0,Spalding Hall
Spalding 155 Mauka Ewa,1,1,Spalding Hall
Paradise Palms Ewa Makai Dining,0,0,Paradise Palms
Paradise Palms DH Mauka Dining,0,0,Paradise Palms
Spalding 155 Makai Ewa,0,0,Spalding Hall
Krauss 111,2,7,Krauss
Krauss 115,2,2,Krauss
Bilger Addition 419 Hallway,0,0,Bilger Addition
Krauss Annex 19 Rm 5,0,0,Krauss
Bilger Addition 116 Hallway,0,1,Bilger Addition
Bilger Addition 418 Hallway,1,1,Bilger Addition
Bilger Addition 209,0,0,Bilger Addition
Bilger Hall 150 Makai,0,0,Bilger Hall
Bilger Hall 104,0,1,Bilger Hall
Bilger Addition 102 Hallway,1,3,Bilger Addition
Bilger Addition 317,0,0,Bilger Addition
Krauss Annex U Rm 1,0,0,Krauss
Bilger Addition 307 Hallway,0,0,Bilger Addition
Bilger Addition 402 Hallway,0,1,Bilger Addition
Bilger Addition 511,1,1,Bilger Addition
Bilger Addition 407 Hallway,1,1,Bilger Addition
Krauss 101 (Outside 101D),0,0,Krauss
Krauss 118,0,1,Krauss
Krauss 102C,0,0,Krauss
Krauss 113 Conference Room,0,0,Krauss
Krauss 102D,0,0,Krauss
Burns 4020,0,0,Burns
Kennedy 104 Hallway,1,1,Kennedy
Kennedy 204,0,0,Kennedy
Kennedy Mezzanine,1,1,Kennedy
Kennedy 111 Hallway,0,0,Kennedy
Kennedy Theatre Box Office (rm 207),0,0,Kennedy
Kennedy Landing Outside 404,0,0,Kennedy
Student Health 103 Hallway,0,0,Student Health
Student Health 154 Hallway,1,3,Student Health
Student Health 108,0,1,Student Health
Student Health 146,0,0,Student Health
Kennedy 209 Makai,0,0,Kennedy
Kennedy 210B,0,0,Kennedy
Student Health 122 Hallway,1,1,Student Health
Student Health 114 Hallway,0,0,Student Health
Student Health 111 Hallway,0,0,Student Health
Student Health 136 Hallway,0,2,Student Health
Building 37 Ewa,0,0,Building 37
Building 37 DH,0,0,Building 37
Parking Kiosk EWC,0,3,Entrance Kiosks
MSB 434 Hallway,1,1,Marine Science Building
MSB 312,0,0,Marine Science Building
MSB 102,0,1,Marine Science Building
MSB 317C Hallway,0,0,Marine Science Building
MSB 114 DH Makai,0,0,Marine Science Building
MSB 113,0,0,Marine Science Building
MSB 229 Hallway,0,1,Marine Science Building
MSB 401,0,0,Marine Science Building
MSB 617 Hallway,0,0,Marine Science Building
MSB 414 Hallway,0,0,Marine Science Building
MSB 532 Hallway,1,1,Marine Science Building
MSB 620 Hallway,0,0,Marine Science Building
MSB 100 Hallway,0,2,Marine Science Building
MSB 428 Hallway,0,0,Marine Science Building
MSB 100 DH Makai,0,0,Marine Science Building
MSB 114 Ewa Mauka,0,0,Marine Science Building
MSB 513 Hallway,0,0,Marine Science Building
MSB 301 Hallway,0,0,Marine Science Building
MSB 502,0,0,Marine Science Building
MSB 303,1,1,Marine Science Building
MSB 422,0,0,Marine Science Building
MSB 421 Hallway,0,0,Marine Science Building
MSB 227,1,1,Marine Science Building
MSB 507 Hallway,0,0,Marine Science Building
MSB 307,0,1,Marine Science Building
MSB 212 Hallway,0,0,Marine Science Building
MSB 100 DH Mauka,1,1,Marine Science Building
MSB 626 Hallway,3,3,Marine Science Building
MSB 603 Hallway,1,1,Marine Science Building
MSB 631 Hallway,1,1,Marine Science Building
MSB 205,1,3,Marine Science Building
MSB 315,0,0,Marine Science Building
MSB 522 Hallway,0,0,Marine Science Building
Art 127 Tempo,0,0,Art
Art 103,0,0,Art
MSB 405,0,1,Marine Science Building
MSB 100 Ewa Makai,0,0,Marine Science Building
MSB 114 DH Mauka,0,0,Marine Science Building
Moore 553 Hallway,1,1,Moore Hall
Moore 104 Hallway,0,0,Moore Hall
Moore 321 Hallway,0,0,Moore Hall
Moore 109,0,0,Moore Hall
Moore 162,0,0,Moore Hall
Moore 370,0,0,Moore Hall
Moore 575 Hallway,0,0,Moore Hall
Moore 256 DH,1,1,Moore Hall
Moore 156,0,0,Moore Hall
Moore 360 Hallway,2,2,Moore Hall
Moore 302 Hallway,0,0,Moore Hall
Moore 573 Hallway,0,0,Moore Hall
Moore 115,0,0,Moore Hall
Moore 423 Makai,0,1,Moore Hall
Moore 326,0,0,Moore Hall
Moore 423 Mauka,0,0,Moore Hall
Moore 112,2,2,Moore Hall
Moore 256 Ewa,1,2,Moore Hall
Moore 253,0,0,Moore Hall
Moore 2ndFlIDF Makai,0,0,Moore Hall
Moore 572,1,1,Moore Hall
Moore 218 Hallway,0,0,Moore Hall
Moore 161,1,1,Moore Hall
Moore 258,0,0,Moore Hall
Moore 570,2,2,Moore Hall
Moore 481 Hallway,1,1,Moore Hall
Moore 496 Hallway,0,0,Moore Hall
Moore 417,1,1,Moore Hall
Moore 324,0,0,Moore Hall
Moore 493 Hallway,0,0,Moore Hall
Moore 102,0,0,Moore Hall
Moore 151,1,1,Moore Hall
Moore 569,1,1,Moore Hall
Moore 424,0,0,Moore Hall
Moore 117 DH,0,0,Moore Hall
Art 331,0,0,Art
MSB 211,0,2,Marine Science Building
MSB 411 Hallway,2,2,Marine Science Building
Art 330,0,0,Art
MSB 519 Hallway,1,1,Marine Science Building
Art 132 Mauka DH,1,1,Art
MSB 430 Hallway,1,1,Marine Science Building
MSB 425 Hallway,0,0,Marine Science Building
MSB 305 Hallway,0,0,Marine Science Building
MSB 316,1,1,Marine Science Building
Art 101 Ewa,0,1,Art
MSB 606 Hallway,0,0,Marine Science Building
MSB 110,0,0,Marine Science Building
Art 207,0,0,Art
MSB 500A,1,1,Marine Science Building
MSB 314,0,0,Marine Science Building
MSB 401 Hallway,0,1,Marine Science Building
MSB 108,0,0,Marine Science Building
MSB 528 Hallway,0,0,Marine Science Building
Art 341,0,0,Art
Art 337,0,0,Art
MSB 419 Hallway,0,0,Marine Science Building
Art 350,1,1,Art
MSB 200,1,1,Marine Science Building
MSB 404,1,1,Marine Science Building
Art 365,0,0,Art
Art 343,1,1,Art
Art 302,0,0,Art
MSB 107,1,1,Marine Science Building
Art 363,0,0,Art
MSB 218 Hallway,0,0,Marine Science Building
MSB 207 Hallway,0,0,Marine Science Building
MSB 633 Hallway,0,0,Marine Science Building
MSB 203,1,1,Marine Science Building
MSB 515 Hallway,0,0,Marine Science Building
MSB 325 Hallway,1,1,Marine Science Building
MSB 604,0,0,Marine Science Building
MSB 322 Hallway,0,0,Marine Science Building
MSB 612 Hallway,1,1,Marine Science Building
MSB 205C Hallway,0,1,Marine Science Building
Art 143,1,1,Art
Art 121,0,0,Art
Art 119,0,0,Art
Art 142,0,0,Art
Art 325,1,1,Art
Art 101,0,1,Art
Art 223,2,3,Art
Art 366,0,0,Art
Art 112,0,0,Art
Art 328,0,0,Art
Art 301,0,0,Art
Art 201 Hallway,0,1,Art
Art 306,0,0,Art
Art 125 Tempo,0,0,Art
Art 335,0,0,Art
Art 373,1,2,Art
Art 213,0,0,Art
Art 141,0,0,Art
Art 357,0,0,Art
Art 336,1,1,Art
Art 360,0,1,Art
Art 316,0,0,Art
Art 214,0,0,Art
Art 214 CA,0,0,Art
Art 303,0,0,Art
Art 132 Makai DH,0,0,Art
Art 137,0,1,Art
Art 321,0,0,Art
Art 218,0,1,Art
Art 215,0,0,Art
Art 322,0,1,Art
Art 370,0,0,Art
Art 346,1,2,Art
Art 114,0,0,Art
Art 311,0,0,Art
Art 331T,1,1,Art
Art 364,0,0,Art
Art 204,0,1,Art
Art 355,2,2,Art
Art 132 Mauka,0,0,Art
Art 132 Makai,0,1,Art
Art 144,0,0,Art
Art 103C,0,0,Art
Art 210,1,1,Art
Art 339,1,2,Art
Art 134,0,0,Art
Art 205 Hallway,0,0,Art
Art 314,0,0,Art
Art 110,0,1,Art
Art 119A,0,1,Art
Sakamaki D301 Hallway,0,1,Sakamaki
Sakamaki B401 Hallway,0,0,Sakamaki
Sakamaki C301,0,0,Sakamaki
Sakamaki A104,0,2,Sakamaki
Sakamaki A300,0,0,Sakamaki
Sakamaki A102,0,2,Sakamaki
Sakamaki D306 Hallway,2,2,Sakamaki
Sakamaki C103,0,1,Sakamaki
Sakamaki C204B,2,2,Sakamaki
Sakamaki B309,0,0,Sakamaki
Sakamaki BET,0,0,Sakamaki
Sakamaki B211,0,0,Sakamaki
Sakamaki A415 Hallway,0,0,Sakamaki
Sakamaki D202H Hallway,0,0,Sakamaki
Sakamaki A201 Hallway,0,0,Sakamaki
Sakamaki D400 Hallway,2,2,Sakamaki
Sakamaki C308,0,0,Sakamaki
Sakamaki A311 Hallway,0,0,Sakamaki
Sakamaki A101,0,3,Sakamaki
Sakamaki A407 Hallway,0,0,Sakamaki
Sakamaki D101 Makai,0,1,Sakamaki
Sakamaki C102,0,1,Sakamaki
Sakamaki B416A Hallway,0,0,Sakamaki
Sakamaki D202C Hallway,0,0,Sakamaki
Sakamaki C407 Hallway,2,2,Sakamaki
Sakamaki D400A,0,0,Sakamaki
Sakamaki C400 Hallway,1,1,Sakamaki
Sakamaki B201 Hallway,0,0,Sakamaki
Sakamaki B102,0,0,Sakamaki
Sakamaki D303 Hallway,1,1,Sakamaki
Sakamaki B414,0,0,Sakamaki
Sakamaki B104,0,1,Sakamaki
Sakamaki B305 Hallway,1,1,Sakamaki
Sakamaki D101 Mauka,1,1,Sakamaki
Sakamaki B308,0,0,Sakamaki
Sakamaki D102,1,1,Sakamaki
Sakamaki C204A,0,0,Sakamaki
Sakamaki A206 Hallway,0,1,Sakamaki
Sakamaki B211 Hallway,0,0,Sakamaki
Sakamaki A305 Hallway,2,3,Sakamaki
Sakamaki C104,0,0,Sakamaki
Sakamaki B414 Hallway,0,0,Sakamaki
Sakamaki B207 Hallway,0,0,Sakamaki
Sakamaki B301,0,1,Sakamaki
Sakamaki C400,0,0,Sakamaki
Sakamaki C101,0,0,Sakamaki
Sakamaki C203,1,1,Sakamaki
POST 413 Hallway,0,0,POST
POST 314,1,1,POST
POST 105F,2,3,POST
POST 203,1,1,POST
POST 544,0,1,POST
POST 028,1,1,POST
POST 126 Makai,6,7,POST
POST 013 Hallway,0,0,POST
POST 406C Hallway,1,1,POST
POST 109 Mauka,0,0,POST
POST 521,0,0,POST
POST 609,1,1,POST
POST 121,1,1,POST
POST 703,1,1,POST
POST 205,1,1,POST
POST 105B,5,6,POST
POST 606,0,0,POST
POST 612,0,0,POST
POST 406H Hallway,1,1,POST
POST 814,2,2,POST
POST 702 Hallway,0,0,POST
POST 517,0,0,POST
POST 318B,0,0,POST
POST 807B,0,0,POST
POST 305,2,2,POST
POST 708 Hallway,0,0,POST
POST 316,0,0,POST
POST 805 Hallway,0,0,POST
POST 708,0,0,POST
POST 617,0,1,POST
POST 524,0,0,POST
POST 401A,1,2,POST
POST 412C Hallway,1,1,POST
POST 630A,0,0,POST
POST 325,0,0,POST
POST 810 Hallway,1,1,POST
POST 720 Hallway,1,1,POST
POST 733,1,1,POST
POST 813 Hallway,0,0,POST
POST 2nd Fl Foyer,0,1,POST
POST 414,0,1,POST
POST BET,0,0,POST
POST 303,0,0,POST
POST 418,0,0,POST
POST 406E,0,1,POST
POST 427,1,2,POST
POST 214,1,2,POST
POST 823,1,1,POST
POST 401,0,0,POST
POST 512,0,0,POST
POST 801,1,1,POST
Art 124 Hallway,1,1,Art
POST 535,1,1,POST
POST 207G,5,6,POST
POST 409D,0,0,POST
POST 028B,1,2,POST
POST 615,0,1,POST
POST 505,1,1,POST
POST 109 Makai,0,0,POST
POST 501,0,0,POST
POST 819,1,1,POST
POST 515A Hallway,1,2,POST
POST 509,3,3,POST
POST 319,1,1,POST
POST 409G Hallway,0,0,POST
POST 207C,0,0,POST
POST 112A,0,0,POST
POST 103,0,0,POST
POST 126 Mauka,1,2,POST
POST 714 Hallway,2,2,POST
POST 413,1,1,POST
POST 802,0,0,POST
POST 842,1,1,POST
POST 134,2,2,POST
POST 409B Hallway,1,1,POST
POST 208,1,1,POST
POST 415,1,1,POST
POST 601,0,0,POST
POST 127 Mauka,0,0,POST
Spalding 354,0,1,Spalding Hall
Spalding 155 Makai DH,0,0,Spalding Hall
Spalding 360,0,0,Spalding Hall
Spalding 453A,0,2,Spalding Hall
Spalding 257,0,0,Spalding Hall
Spalding 155 Mauka DH,0,0,Spalding Hall
Paradise Palms Ewa Mauka Dining,0,0,Paradise Palms
Snyder 401 Hallway,0,0,Snyder Hall
Snyder 107 BET,0,0,Snyder Hall
Emergency Call Box Snyder,0,1,Snyder Hall
Noelani A 107T,3,4,Noelani
HIG 314A,0,0,HIG
HIG 351 Hallway,0,3,HIG
HIG 312,0,0,HIG
HIG 340,0,0,HIG
HIG 305A,0,0,HIG
HIG 318,2,4,HIG
HIG 131,0,0,HIG
HIG 364 Hallway,0,0,HIG
HIG 353,0,0,HIG
HIG 337,1,1,HIG
HIG 367,0,0,HIG
HIG 316,0,0,HIG
HIG 333,1,2,HIG
HIG 303,0,0,HIG
HIG 109,2,2,HIG
HIG 315,0,0,HIG
HIG 376,0,0,HIG
HIG 151,0,1,HIG
HIG 311,0,0,HIG
HIG 110 Mauka Ewa,0,0,HIG
HIG 375,0,0,HIG
HIG 105B,0,0,HIG
HIG 110 Mauka DH,1,1,HIG
HIG 108,0,0,HIG
HIG 372,1,1,HIG
HIG 117A,0,0,HIG
HIG 309,0,0,HIG
HIG 310,0,0,HIG
HIG 321,2,3,HIG
HIG 131A,1,1,HIG
HIG 362,2,2,HIG
Kuykendall 101 Ewa Makai,0,0,Kuykendall
Kuykendall 106 Hallway,1,2,Kuykendall
HIG 417 Mauka,0,0,HIG
HIG 440,1,1,HIG
HIG 215C,0,0,HIG
HIG 116,0,1,HIG
HIG 213,0,0,HIG
Kuykendall 101 DH,0,0,Kuykendall
Kuykendall 310 Hallway,0,0,Kuykendall
Kuykendall 307 Hallway,0,0,Kuykendall
HIG 412,0,0,HIG
HIG 410A,0,0,HIG
HIG 135,0,0,HIG
HIG 305,0,0,HIG
HIG 211,0,0,HIG
HIG 413,0,0,HIG
HIG 432,1,1,HIG
HIG 232,0,1,HIG
Kuykendall 210 Hallway,0,0,Kuykendall
HIG 214,0,0,HIG
Kuykendall 415 Hallway,0,0,Kuykendall
HIG 336,0,0,HIG
Kuykendall 412 Hallway,0,0,Kuykendall
HIG 131C,1,2,HIG
HIG 210,0,0,HIG
Kuykendall 213,0,0,Kuykendall
Kuykendall 201A,1,1,Kuykendall
HIG 205,0,0,HIG
HIG P3,1,1,HIG
Kuykendall 521 Hallway,0,0,Kuykendall
Kuykendall 101 Ewa Mauka,0,0,Kuykendall
HIG 222,0,0,HIG
HIG 406,0,0,HIG
HIG 238,0,0,HIG
Kuykendall 316 Hallway,0,0,Kuykendall
Kuykendall 409 Hallway,0,1,Kuykendall
HIG 409D,0,0,HIG
HIG 411,2,2,HIG
HIG 107,0,0,HIG
HIG 105,0,0,HIG
HIG 418,0,0,HIG
Kuykendall 323 Hallway,0,0,Kuykendall
HIG 152 Ewa,0,0,HIG
HIG B005,0,0,HIG
HIG 215,0,0,HIG
HIG 110 Makai Ewa,0,0,HIG
HIG 206,0,0,HIG
HIG 416B,1,2,HIG
Kuykendall 225 Hallway,0,0,Kuykendall
HIG 409,0,0,HIG
HIG 115,2,3,HIG
HIG P5,1,1,HIG
Kuykendall 204,0,0,Kuykendall
HIG 404,0,0,HIG
Kuykendall 325 Hallway,0,0,Kuykendall
HIG 231,0,0,HIG
HIG 421,0,0,HIG
Kuykendall 207 Hallway,0,0,Kuykendall
HIG 133,1,1,HIG
Kuykendall 309 Hallway,0,0,Kuykendall
Kuykendall 402 Hallway,0,0,Kuykendall
HIG 417 Makai,0,0,HIG
HIG 415A,0,0,HIG
HIG 152 DH,0,0,HIG
HIG 153A,0,0,HIG
HIG 153,1,1,HIG
HIG 407A,0,0,HIG
HIG 437,0,0,HIG
HIG 208,0,0,HIG
HIG 435,1,1,HIG
HIG 217,1,1,HIG
Kuykendall 721 Hallway,0,0,Kuykendall
Holmes 356,0,0,Holmes Hall
Kuykendall BET Outdoor,0,1,Kuykendall
Kuykendall 411 Hallway,2,2,Kuykendall
Kuykendall 419 Hallway,0,0,Kuykendall
Holmes 452,2,2,Holmes Hall
Kuykendall 417 Hallway,0,0,Kuykendall
Holmes 448,6,6,Holmes Hall
Holmes 390,3,4,Holmes Hall
Holmes 357,0,0,Holmes Hall
Kuykendall 716 Hallway,0,0,Kuykendall
Holmes 347,1,1,Holmes Hall
Holmes 142 Makai,0,0,Holmes Hall
Holmes 287,0,0,Holmes Hall
Kuykendall 426 Hallway,0,0,Kuykendall
Kuykendall 206 Temp,0,1,Kuykendall
Kuykendall 313,0,0,Kuykendall
Kuykendall 318 Hallway,0,0,Kuykendall
Holmes 352 Hallway,2,2,Holmes Hall
Holmes 310B,2,2,Holmes Hall
Kuykendall 106A,0,1,Kuykendall
Kuykendall 307 DH,0,0,Kuykendall
Holmes 240C,2,2,Holmes Hall
Holmes 447 Hallway,0,0,Holmes Hall
Kuykendall 514 Hallway,0,0,Kuykendall
Holmes 310,0,0,Holmes Hall
Holmes 385 DH,1,1,Holmes Hall
Kuykendall 107 Hallway,2,2,Kuykendall
Kuykendall 616 Hallway,0,1,Kuykendall
Holmes 142B,3,3,Holmes Hall
Holmes 142 Mauka,0,0,Holmes Hall
Holmes 336 Hallway,1,1,Holmes Hall
Kuykendall 304,0,0,Kuykendall
Holmes 348D,2,2,Holmes Hall
Kuykendall 523 Hallway,0,0,Kuykendall
Holmes 306,0,0,Holmes Hall
Kuykendall 209 DH,0,0,Kuykendall
Holmes 308,0,0,Holmes Hall
Kuykendall 621 Hallway,0,0,Kuykendall
Holmes 181 Hallway,0,2,Holmes Hall
Holmes 386,0,0,Holmes Hall
Holmes 140A,0,1,Holmes Hall
Holmes 350A,0,0,Holmes Hall
Kuykendall 408,0,0,Kuykendall
Kuykendall 223 Hallway,0,0,Kuykendall
Holmes 242 Makai,0,0,Holmes Hall
Holmes 240K Hallway,0,0,Holmes Hall
Holmes 140,0,0,Holmes Hall
Holmes 102B,0,0,Holmes Hall
Holmes 406A,0,0,Holmes Hall
Holmes 487,3,3,Holmes Hall
Holmes 206A,2,2,Holmes Hall
Holmes 411 Hallway,0,0,Holmes Hall
Holmes 141 Hallway,0,3,Holmes Hall
Holmes 102,0,0,Holmes Hall
Holmes 241,0,0,Holmes Hall
Holmes 210,1,1,Holmes Hall
Holmes 211 Mauka,0,0,Holmes Hall
Holmes 144,0,0,Holmes Hall
Holmes 2nd Fl Ewa Commons,0,1,Holmes Hall
Holmes 240 DH,0,0,Holmes Hall
Holmes 244 Makai,1,1,Holmes Hall
Holmes 101 Hallway,0,1,Holmes Hall
Holmes 143C,0,0,Holmes Hall
HIG Makai-DH Exterior,0,4,HIG
Holmes 206 Hallway,3,4,Holmes Hall
Holmes 412,0,0,Holmes Hall
PSB 111,0,0,Physical Science Building
PSB 217 Makai Ewa,1,1,Physical Science Building
Watanabe 213 Hallway,1,1,Watanabe
PSB 402 Hallway,1,1,Physical Science Building
PSB 110,0,1,Physical Science Building
PSB 213,0,0,Physical Science Building
PSB 102 Hallway,0,0,Physical Science Building
PSB 208 DH,0,0,Physical Science Building
PSB Ewa Exterior Makai,1,5,Physical Science Building
Watanabe 209 Hallway,1,1,Watanabe
PSB 202 Hallway,1,1,Physical Science Building
Watanabe 112 DH,1,2,Watanabe
Watanabe 110,0,0,Watanabe
PSB 217 Mauka Ewa,0,0,Physical Science Building
PSB 217 Makai DH,0,0,Physical Science Building
PSB 210A,0,0,Physical Science Building
PSB 214,0,0,Physical Science Building
Watanabe 229 Hallway,1,2,Watanabe
PSB Ewa Exterior Mauka,0,1,Physical Science Building
PSB 112,0,0,Physical Science Building
PSB 211,0,0,Physical Science Building
PSB 407 Hallway,0,0,Physical Science Building
PSB 306 Hallway,1,1,Physical Science Building
PSB 319 Hallway,1,1,Physical Science Building
PSB 311 DH,0,0,Physical Science Building
Watanabe 109,1,5,Watanabe
PSB 310 DH,0,0,Physical Science Building
Watanabe 333 Hallway,0,2,Watanabe
Watanabe 412 Hallway,2,2,Watanabe
Watanabe 330 Hallway,0,1,Watanabe
Watanabe 437 Hallway,0,0,Watanabe
PSB 317,0,0,Physical Science Building
PSB 310 Ewa,0,0,Physical Science Building
Watanabe 217 Hallway,0,2,Watanabe
Watanabe 112 Ewa,0,1,Watanabe
Watanabe 404 Hallway,2,2,Watanabe
Watanabe 432 Hallway,2,3,Watanabe
PSB 108,0,0,Physical Science Building
PSB 209,1,1,Physical Science Building
Watanabe 420 Ewa,0,1,Watanabe
PSB 313,0,0,Physical Science Building
Watanabe 302 Hallway,2,2,Watanabe
Watanabe 234 Hallway,0,0,Watanabe
Watanabe 310 Hallway,0,0,Watanabe
Watanabe 420 DH,0,0,Watanabe
PSB 217 Mauka DH,0,0,Physical Science Building
Watanabe 202 Hallway,0,0,Watanabe
Watanabe 205 Hallway,0,1,Watanabe
Watanabe 312 Hallway,1,1,Watanabe
PSB 314,0,0,Physical Science Building
Watanabe 306 Hallway,2,4,Watanabe
PSB 309A,0,0,Physical Science Building
Watanabe 113,0,0,Watanabe
PSB 312C,1,1,Physical Science Building
Watanabe 336 Hallway,1,1,Watanabe
PSB 208 Ewa,0,0,Physical Science Building
Watanabe 327 Hallway,1,1,Watanabe
PSB 311 Ewa Makai,0,0,Physical Science Building
Watanabe 416,1,2,Watanabe
Keller 206,1,1,Keller
Watanabe 428 Hallway,3,4,Watanabe
Keller 3rd Fl Lounge,1,1,Keller
Watanabe 114,0,4,Watanabe
Keller 218,0,1,Keller
Keller 103 LAVA,0,1,Keller
Watanabe 415,0,0,Watanabe
Watanabe 225 Hallway,0,0,Watanabe
Keller 219,0,1,Keller
Keller 401A Hallway,1,1,Keller
Keller 301A Hallway,0,0,Keller
Keller 413,0,0,Keller
Keller 402,0,0,Keller
Keller 303 Ewa,0,1,Keller
Keller 214,1,3,Keller
Keller 213,0,1,Keller
Keller 304A Hallway,1,1,Keller
Keller 304 Hallway,1,1,Keller
Keller 313,0,1,Keller
Keller 301,0,0,Keller
Keller 302 DH,0,0,Keller
Keller 302 Ewa,0,1,Keller
Keller 303 DH,0,0,Keller
Keller 403 Hallway,1,1,Keller
Keller 314,0,0,Keller
Keller 414,0,0,Keller
Keller 403,0,0,Keller
Keller 401,0,0,Keller
Bilger Hall 319 Makai,0,0,Bilger Hall
Bilger Hall 309,0,0,Bilger Hall
Keller 102 Makai Ewa,0,1,Keller
Keller 102 Makai DH,1,1,Keller
Keller 102 Mauka,0,0,Keller
Keller 201,1,1,Keller
Keller 404,0,0,Keller
Bilger Hall 335 Mauka DH,0,0,Bilger Hall
Bilger Hall 201,0,0,Bilger Hall
Keller 406,0,0,Keller
Bilger Hall 212,0,1,Bilger Hall
Bilger Hall 337,0,0,Bilger Hall
Keller 209,0,1,Keller
Bilger Hall 314,0,0,Bilger Hall
Bilger Hall 239 Hallway,2,2,Bilger Hall
Keller 203,0,2,Keller
Bilger Hall 335 Mauka Ewa,0,0,Bilger Hall
Keller 103 Vault,0,0,Keller
Keller 204,0,2,Keller
Bilger Hall 341A,0,0,Bilger Hall
Bilger Hall 152 Ewa Mauka,0,0,Bilger Hall
Bilger Hall 116,0,0,Bilger Hall
Bilger Hall 150 Ewa,0,0,Bilger Hall
Bilger Hall 112,0,0,Bilger Hall
Bilger Hall 311A,0,0,Bilger Hall
Bilger Hall 335 Makai Ewa,0,0,Bilger Hall
Bilger Addition 217 Hallway,0,0,Bilger Addition
Krauss 101B Hallway,1,1,Krauss
Bilger Hall 207,1,1,Bilger Hall
Bilger Addition 103 Hallway,0,0,Bilger Addition
Bilger Addition 105 Hallway,0,2,Bilger Addition
Bilger Addition 405 Hallway,2,2,Bilger Addition
Bilger Hall 152 DH Mauka,1,2,Bilger Hall
Bilger Hall 235 Hallway,0,0,Bilger Hall
Bilger Hall 107,1,1,Bilger Hall
Bilger Hall 150 Mauka,0,1,Bilger Hall
Bilger Hall 335 Makai DH,0,0,Bilger Hall
Krauss 014,1,1,Krauss
Bilger Hall 152 DH Makai,0,0,Bilger Hall
Bilger Hall 214,0,0,Bilger Hall
Krauss 120,0,0,Krauss
Bilger Hall 247 Hallway,0,0,Bilger Hall
Bilger Hall 319 Mauka,0,0,Bilger Hall
Krauss 023,1,1,Krauss
Bilger Hall 321,0,0,Bilger Hall
Bilger Hall 205,0,0,Bilger Hall
Bilger Hall 251,0,0,Bilger Hall
Krauss 011,0,0,Krauss
Krauss 002 Gallery,0,0,Krauss
Bilger Addition 214 Hallway,0,3,Bilger Addition
Bilger Hall 152 Ewa Makai,0,0,Bilger Hall
Krauss 004A,1,3,Krauss
Bilger Hall 303 Hallway,1,1,Bilger Hall
Krauss 110,0,3,Krauss
Bilger Hall 301,0,0,Bilger Hall
Bilger Addition 303 Hallway,1,1,Bilger Addition
Krauss 101J Hallway,1,1,Krauss
Bilger Hall 202,0,0,Bilger Hall
Bilger Hall 338,0,0,Bilger Hall
Bilger Hall 341,0,0,Bilger Hall
Krauss 001,0,0,Krauss
Bilger Addition 001 Hallway,0,0,Bilger Addition
Bilger Addition 211 Hallway,0,3,Bilger Addition
Bilger Hall 245 Hallway,0,0,Bilger Hall
Bilger Addition 416 Hallway,1,2,Bilger Addition
Bilger Addition 118 Hallway,1,2,Bilger Addition
Bilger Hall 119,1,1,Bilger Hall
Bilger Addition 206 Hallway,1,2,Bilger Addition
Krauss 017A Hallway,0,0,Krauss
Bilger Addition 012,0,0,Bilger Addition
Krauss 003,0,0,Krauss
Krauss Annex U Rm 7,1,1,Krauss
Bilger Addition 004 Hallway,0,0,Bilger Addition
Bilger Addition 205 Hallway,0,0,Bilger Addition
Krauss 012,0,0,Krauss
Bilger Addition 320 Hallway,0,0,Bilger Addition
Bilger Addition 302 Hallway,0,0,Bilger Addition
Krauss 114,0,0,Krauss
Bilger Addition 508,1,1,Bilger Addition
Krauss Annex 19 Rm 2,0,0,Krauss
Bilger Addition 115 Hallway,3,4,Bilger Addition
POST 818,1,1,POST
POST 706,0,0,POST
POST 613 Hallway,0,0,POST
POST 302,1,1,POST
POST 816,0,0,POST
POST 037,0,0,POST
POST 003,0,0,POST
POST 318A,1,1,POST
POST 619F,0,0,POST
POST 127 Makai,0,2,POST
POST 621A,0,1,POST
ITC 301 Cubicle 322,2,2,ITC
ITC 101 Cubicle 111,0,0,ITC
Life Science 302,0,0,Life Science Building
ITC 301G,3,3,ITC
Life Science 223A,0,0,Life Science Building
ITC 105B Conference,2,2,ITC
Life Science 316,0,0,Life Science Building
Life Science 115C,0,0,Life Science Building
Life Science 115B,0,0,Life Science Building
Life Science 211,0,0,Life Science Building
Life Science 214,0,1,Life Science Building
Life Science 226A,1,2,Life Science Building
Life Science 203E,0,0,Life Science Building
Life Science 103,0,0,Life Science Building
Life Science 301 Makai,0,0,Life Science Building
Life Science 104,0,0,Life Science Building
Life Science 102,0,0,Life Science Building
Life Science 217,0,0,Life Science Building
Life Science 318,0,0,Life Science Building
Life Science 216,0,1,Life Science Building
ITC 501K,3,3,ITC
Life Science 320A,1,1,Life Science Building
Life Science 303,0,0,Life Science Building
Life Science 204A,0,0,Life Science Building
Life Science 100NR,0,0,Life Science Building
Life Science 218,0,0,Life Science Building
Life Science 226B,0,0,Life Science Building
Life Science 100TE,0,0,Life Science Building
Life Science 314 Mauka,1,1,Life Science Building
Life Science 302B,0,0,Life Science Building
ITC 501A,2,2,ITC
ITC 501 Cubicle 522,0,0,ITC
Life Science 227B,0,0,Life Science Building
Life Science 206,0,0,Life Science Building
Life Science 109C,0,0,Life Science Building
ITC 501G,1,1,ITC
ITC 501 Cubicle 503,0,0,ITC
ITC 501 Cubicle 531,0,0,ITC
ITC 301 Cubicle 331,0,0,ITC
ITC 115 Hallway,0,1,ITC
Life Science Exterior Makai-DH,0,2,Life Science Building
Life Science 201,0,0,Life Science Building
Life Science 101,0,0,Life Science Building
Life Science 115D,0,0,Life Science Building
Life Science 209A,2,5,Life Science Building
Life Science 227A,0,0,Life Science Building
Life Science 227D,0,0,Life Science Building
Life Science Exterior Makai-Ewa,0,1,Life Science Building
Life Science 225A,3,3,Life Science Building
Life Science 224,0,0,Life Science Building
Life Science 208,1,1,Life Science Building
Life Science 109B,0,0,Life Science Building
Life Science 221,3,3,Life Science Building
Life Science 313,0,1,Life Science Building
Life Science 318A,0,0,Life Science Building
ITC 103 Cubicle 1-SW5,0,0,ITC
Life Science 322,0,0,Life Science Building
Life Science 311,0,1,Life Science Building
Life Science 108,0,0,Life Science Building
Life Science 319B,0,0,Life Science Building
Life Science 114,0,0,Life Science Building
ITC 601 Cubicle 636,0,0,ITC
Life Science 305,1,1,Life Science Building
Life Science 322A,0,0,Life Science Building
Life Science 201A,0,0,Life Science Building
Life Science Exterior Makai-Middle,0,3,Life Science Building
ITC 601A,0,0,ITC
ITC 601F,0,0,ITC
Life Science 301 Mauka,0,0,Life Science Building
Life Science 202,0,1,Life Science Building
ITC 401 Cubicle 425,1,1,ITC
Life Science Exterior Ewa,0,0,Life Science Building
Life Science 205,0,0,Life Science Building
Life Science 109D,1,2,Life Science Building
Life Science 308,0,0,Life Science Building
Life Science 314 Makai,1,1,Life Science Building
Life Science 110,1,2,Life Science Building
Life Science 320,0,0,Life Science Building
Life Science 227G,0,0,Life Science Building
Life Science 319,0,0,Life Science Building
Life Science 115A,0,0,Life Science Building
Life Science 105,1,1,Life Science Building
Life Science 303A,2,2,Life Science Building
Life Science 101E,0,0,Life Science Building
Life Science 113,0,0,Life Science Building
Life Science 203B,1,1,Life Science Building
Life Science 112,0,0,Life Science Building
ITC 501 Cubicle 516,0,0,ITC
ITC 501C,0,0,ITC
ITC 108 Training,1,1,ITC
ITC 105A Conference,1,1,ITC
ITC DC-N13,1,1,ITC
ITC 601C,2,2,ITC
ITC DC-D08,0,0,ITC
ITC 101 Cubicle 114,0,0,ITC
ITC 601 Cubicle 625,0,0,ITC
ITC 401 Cubicle 402,0,0,ITC
ITC DC-J01,0,0,ITC
ITC 401C,0,0,ITC
ITC 301D,0,1,ITC
ITC 301 Cubicle 337,2,2,ITC
ITC 104 Project Room,0,0,ITC
ITC DC-F19,0,1,ITC
ITC 601 Cubicle 617,0,0,ITC
ITC 601 Cubicle 603,0,0,ITC
ITC 601 Cubicle 607,0,0,ITC
ITC 411 Cafe,1,2,ITC
ITC 030,0,0,ITC
ITC 301 Cubicle 3-SW3,1,1,ITC
ITC 210,3,4,ITC
ITC 301H,1,2,ITC
ITC 301K,0,0,ITC
ITC 401F,0,1,ITC
ITC DC-C01,1,1,ITC
ITC 410,0,0,ITC
ITC 401K,0,0,ITC
ITC 401J,0,0,ITC
ITC 301 Cubicle 307,0,0,ITC
Auxilliary Svcs 110,2,4,Auxiliary Services
Kahawai FD,2,2,Hale Kahawai
Music 108,0,0,Music
Sinclair ACM B08A,1,1,Sinclair Library
Sinclair ACM B03 Mauka,1,1,Sinclair Library
Wainani I 451B,0,0,Wainani
Frear 310,1,1,Frear
Frear Hall 1226A,0,0,Frear
FREAR D 707C,0,0,Frear
FREAR D 401C,2,2,Frear
FREAR D 901C,0,0,Frear
Wainani H 361B1,0,0,Wainani
Music Orvis Mauka,1,2,Music
Music Orvis Lobby,0,0,Music
Law Clinical 204,0,0,Law School
Law Clinical 2ndFL Elevator,0,0,Law School
Law Clinical Ewa Outdoor,1,4,Law School
Law Clinical 207,1,1,Law School
Law Clinical 204 Hallway,0,0,Law School
Law Clinical 206,1,1,Law School
Law Clinical 207D,0,0,Law School
Law Clinical 208 Hallway,0,0,Law School
Law Clinical Bridge Outdoor,0,0,Law School
Law Clinical 100 reception,1,1,Law School
Law Clinical 105,1,1,Law School
Law Clinical 107,0,0,Law School
Law Clinical 106 DH,0,0,Law School
Law Clinical 108,1,1,Law School
Law Clinical 106 Ewa,1,1,Law School
Law Clinical 104,0,0,Law School
Wainani G 210,0,0,Wainani
Sinclair B20 Hallway,0,1,Sinclair Library
Sinclair B18 Hallway,0,0,Sinclair Library
Sinclair B31 Hallway,0,0,Sinclair Library
Sinclair B10 Hallway,1,1,Sinclair Library
Sinclair B32 Hallway,0,0,Sinclair Library
Sinclair B23 Hallway,0,0,Sinclair Library
Wainani H 151,0,0,Wainani
Wainani G 211,1,1,Wainani
Wainani I 354,3,3,Wainani
Wainani I 1453,5,7,Wainani
Wainani F 1102,8,10,Wainani
Wainani H 359,0,0,Wainani
Wainani I 253,0,0,Wainani
Wainani I 1054,1,1,Wainani
Wainani I 753,1,2,Wainani
Wainani F 805,2,2,Wainani
Wainani I 755,0,0,Wainani
Wainani I 654,2,2,Wainani
Wainani I 752,3,4,Wainani
Wainani I 751,0,0,Wainani
Wainani I 555,0,0,Wainani
Wainani I 552,4,4,Wainani
Wainani I 653,0,0,Wainani
Wainani I 553,0,0,Wainani
Wainani I 554,1,2,Wainani
Wainani I 651,0,0,Wainani
Wainani I 655,1,1,Wainani
Wainani I 551,1,1,Wainani
Wainani I 754,3,5,Wainani
Wainani I 652,0,0,Wainani
Wainani I 252,0,0,Wainani
Wainani I 355,0,0,Wainani
Wainani I 254,0,0,Wainani
Wainani I 251,0,0,Wainani
Wainani I 352,0,0,Wainani
Wainani I 353,0,0,Wainani
Wainani I 351,0,0,Wainani
Wainani I 255,0,0,Wainani
Wainani I 453,0,0,Wainani
Wainani I 455,0,0,Wainani
Wainani I 452,0,0,Wainani
Wainani I 1055,3,6,Wainani
Wainani I 1052,5,5,Wainani
Wainani I 955,2,2,Wainani
Wainani I 855,0,0,Wainani
Wainani I 851,0,0,Wainani
Wainani I 954,0,0,Wainani
Wainani I 854,1,2,Wainani
Wainani I 1051,1,3,Wainani
Wainani I 852,1,2,Wainani
Wainani I 952,2,2,Wainani
Wainani I 951,0,1,Wainani
Wainani I 853,0,2,Wainani
Wainani I 953,4,4,Wainani
Wainani I 1053,5,6,Wainani
Wainani I 1154,2,2,Wainani
Kuykendall 310,0,0,Kuykendall
Kuykendall 424 Hallway,0,0,Kuykendall
Holmes 183,0,0,Holmes Hall
Holmes 388,0,0,Holmes Hall
Holmes 286 Hallway,0,0,Holmes Hall
Kuykendall 401A,0,1,Kuykendall
Kuykendall 201 Hallway,0,0,Kuykendall
Kuykendall 305,0,0,Kuykendall
Kuykendall 101 Hallway DH,0,0,Kuykendall
Holmes 458,1,1,Holmes Hall
Holmes 288A,0,0,Holmes Hall
Holmes 457,0,0,Holmes Hall
Holmes 288,0,0,Holmes Hall
Kuykendall 407,0,0,Kuykendall
Kuykendall 101 Hallway Ewa,0,0,Kuykendall
Kuykendall 303,0,1,Kuykendall
Kuykendall 301 Ewa,0,0,Kuykendall
Holmes 300 Hallway,0,0,Holmes Hall
Holmes 382 Hallway,1,1,Holmes Hall
Holmes 341 Hallway,1,1,Holmes Hall
Holmes 407,2,2,Holmes Hall
Kuykendall 309,1,1,Kuykendall
Holmes 451,0,1,Holmes Hall
Holmes 304 Hallway,0,0,Holmes Hall
Holmes 182,0,0,Holmes Hall
Kuykendall 306 DH,0,0,Kuykendall
Kuykendall 301 DH,0,0,Kuykendall
Holmes 102MA,0,0,Holmes Hall
Holmes 181,0,0,Holmes Hall
Kuykendall 516 Hallway,0,0,Kuykendall
Holmes 458 Hallway,6,6,Holmes Hall
Kuykendall 724 Hallway,1,1,Kuykendall
Kuykendall 614 Hallway,1,1,Kuykendall
Holmes 358,1,1,Holmes Hall
Kuykendall 216 Hallway,0,0,Kuykendall
Holmes 387,0,0,Holmes Hall
Holmes 385 Hallway,0,0,Holmes Hall
Kuykendall 210,0,1,Kuykendall
Kuykendall 307 Ewa,0,0,Kuykendall
Holmes 286,0,0,Holmes Hall
Holmes 389,0,0,Holmes Hall
Kuykendall 623 Hallway,0,0,Kuykendall
Kuykendall 209 Ewa,0,0,Kuykendall
Holmes 455,0,0,Holmes Hall
Holmes 183 Hallway,0,0,Holmes Hall
Kuykendall 302,0,0,Kuykendall
Holmes 351 Hallway,1,1,Holmes Hall
Kuykendall 713 Hallway,0,0,Kuykendall
Kuykendall 306 Ewa,0,0,Kuykendall
Holmes 180 Mauka,0,0,Holmes Hall
Kuykendall 308,0,0,Kuykendall
Holmes 142A,0,0,Holmes Hall
Holmes 345 Hallway,0,0,Holmes Hall
Kuykendall 218 Hallway,0,0,Kuykendall
Holmes 449 Hallway,0,0,Holmes Hall
Holmes 309,0,0,Holmes Hall
Holmes 180 Makai,0,0,Holmes Hall
Holmes 101 Civil Engineering,0,0,Holmes Hall
Kuykendall 406,0,0,Kuykendall
Kuykendall Annex Rm 7,0,0,Kuykendall
Holmes 288A Hallway,0,1,Holmes Hall
Holmes 2nd Fl DH Commons,0,0,Holmes Hall
Holmes 247 Mauka,0,0,Holmes Hall
Holmes 307,2,3,Holmes Hall
Holmes 408,1,1,Holmes Hall
Holmes 485 Hallway,0,0,Holmes Hall
Holmes 482 Hallway,0,0,Holmes Hall
Holmes 489 Hallway,0,0,Holmes Hall
Holmes 102 Hallway,1,7,Holmes Hall
Holmes 406 Hallway,1,1,Holmes Hall
Holmes 408A,1,1,Holmes Hall
Holmes 100 Stairs,0,0,Holmes Hall
Holmes 101,1,1,Holmes Hall
Holmes 489,0,0,Holmes Hall
Holmes 486,1,1,Holmes Hall
Holmes 209,2,2,Holmes Hall
Holmes 102MC,0,0,Holmes Hall
Holmes Ewa Makai Stairs,0,2,Holmes Hall
Holmes 492,0,0,Holmes Hall
Holmes 207 Hallway,1,1,Holmes Hall
Holmes 102MD,0,0,Holmes Hall
Holmes 411,0,0,Holmes Hall
Holmes BET,0,0,Holmes Hall
Holmes 101A,0,0,Holmes Hall
Holmes 240 Ewa,0,0,Holmes Hall
Holmes 243,0,0,Holmes Hall
Holmes 248,0,0,Holmes Hall
Holmes 246,0,0,Holmes Hall
Holmes 244A,0,0,Holmes Hall
Holmes 491,0,0,Holmes Hall
Sakamaki C202,0,0,Sakamaki
Sakamaki B103,0,1,Sakamaki
Sakamaki A204 Hallway,0,0,Sakamaki
Sakamaki A411,0,0,Sakamaki
Sakamaki B101,0,5,Sakamaki
Sakamaki D103,1,4,Sakamaki
Sakamaki C305 Hallway,1,1,Sakamaki
Sakamaki C204E,1,1,Sakamaki
Sakamaki D414,0,2,Sakamaki
Sakamaki D201,0,0,Sakamaki
Sakamaki C201,0,0,Sakamaki
Sakamaki A103,0,1,Sakamaki
POST 602,0,0,POST
POST 537,0,1,POST
POST 201,0,0,POST
POST 011 Hallway,0,0,POST
POST 723,0,0,POST
POST 311,1,1,POST
POST 820,1,1,POST
Wainani I 1254,1,1,Wainani
Wainani I 1451,8,10,Wainani
Wainani I 1155,1,3,Wainani
Wainani I 1151,1,1,Wainani
Wainani I 1152,4,4,Wainani
Wainani I 1253,5,6,Wainani
Wainani I 1255,5,7,Wainani
Wainani I 1455,5,7,Wainani
Wainani I 1452,3,4,Wainani
Wainani H 156,0,0,Wainani
Wainani H 153,0,0,Wainani
Wainani F 801,3,3,Wainani
Wainani F 803,1,1,Wainani
Wainani H 256,0,0,Wainani
Wainani H 255,0,0,Wainani
Wainani H 351,1,1,Wainani
Wainani I 1153,4,7,Wainani
Wainani H 260,1,1,Wainani
Wainani H 358,0,0,Wainani
Wainani H 252,0,0,Wainani
Wainani H 259,0,0,Wainani
Wainani H 354,0,0,Wainani
Wainani H 352,1,1,Wainani
Wainani H 362,0,0,Wainani
Wainani H 355,0,0,Wainani
Wainani H 155,0,0,Wainani
Wainani H 251,0,0,Wainani
Wainani H 152,0,0,Wainani
Wainani H 157,0,0,Wainani
Wainani I 1252,3,3,Wainani
Wainani H 357,0,0,Wainani
Wainani H 258,0,0,Wainani
Wainani H 158,0,0,Wainani
Wainani H 257,0,0,Wainani
Wainani H 254,0,0,Wainani
Wainani I 1251,3,4,Wainani
Wainani H 253,1,1,Wainani
Wainani H 356,0,0,Wainani
Wainani H 360,0,0,Wainani
Wainani H 353,2,2,Wainani
Wainani H 361,0,0,Wainani
Wainani I 1454,1,1,Wainani
Wainani F 1403,3,8,Wainani
Wainani F 1405,1,1,Wainani
Wainani F 1203,2,5,Wainani
Wainani F 1204,2,3,Wainani
Wainani F 1201,3,5,Wainani
Wainani F 1205,4,4,Wainani
Wainani F 1401,3,3,Wainani
Wainani F 1104,4,5,Wainani
Wainani F 1202,2,2,Wainani
Wainani F 1103,3,7,Wainani
Wainani F 1101,3,3,Wainani
Wainani F 1404,2,2,Wainani
Wainani F 1501,3,4,Wainani
Wainani F 1502,3,5,Wainani
Wainani F 1503,4,6,Wainani
Wainani F 1402,2,4,Wainani
Wainani F 1504,1,2,Wainani
Wainani F 1505,5,5,Wainani
Wainani F 901,1,2,Wainani
Wainani F 902,1,1,Wainani
Wainani F 904,2,3,Wainani
Wainani F 1003,4,4,Wainani
Wainani F 1004,1,2,Wainani
Wainani F 1002,3,3,Wainani
Wainani F 802,5,6,Wainani
Wainani F 905,4,6,Wainani
Wainani F 1005,2,4,Wainani
Wainani F 804,1,2,Wainani
Wainani F 1001,4,4,Wainani
Wainani F 903,3,7,Wainani
Wainani F 701,2,2,Wainani
Wainani G203,0,0,Wainani
Wainani I 454,1,1,Wainani
Wainani G 301,0,0,Wainani
Wainani G 111,0,0,Wainani
Wainani G 312,0,0,Wainani
Wainani G 209,0,0,Wainani
Wainani G 206,0,0,Wainani
Wainani G 309,0,0,Wainani
Wainani G 308,0,0,Wainani
Wainani G 307,0,0,Wainani
Wainani G 205,0,0,Wainani
Wainani G 306,0,0,Wainani
Wainani G 208,0,0,Wainani
Wainani G 108,0,0,Wainani
Wainani G 305,0,0,Wainani
Wainani G 212,0,0,Wainani
Wainani G 207,0,0,Wainani
Wainani G 311,0,0,Wainani
Wainani G 202,0,0,Wainani
Wainani G 302,0,0,Wainani
Wainani G 304,0,0,Wainani
Wainani G 303,0,0,Wainani
Wainani G 310,0,0,Wainani
Wainani G 204,0,0,Wainani
Wainani G 201,0,0,Wainani
Wainani G 110,0,0,Wainani
Wainani G 105,0,0,Wainani
Wainani G 107,0,0,Wainani
Wainani G 109,0,0,Wainani
Athletics 247,0,0,Athletics
Athletics 246,0,1,Athletics
Wainani H 154,0,0,Wainani
Wainani F 703,3,6,Wainani
Wainani F 702,4,6,Wainani
Wainani F 704,1,1,Wainani
Wainani F 705,4,4,Wainani
Wainani F 305,4,7,Wainani
Wainani F 304,1,1,Wainani
Wainani F 301,4,5,Wainani
Wainani F 303,3,3,Wainani
Wainani F 302,5,7,Wainani
Wainani F 203,3,5,Wainani
Wainani F 202,1,2,Wainani
Wainani F 205,4,6,Wainani
Wainani F 201,3,3,Wainani
Wainani F 204,0,0,Wainani
Wainani F 503,5,6,Wainani
Wainani F 504,0,0,Wainani
Wainani F 505,3,4,Wainani
Wainani F 501,3,2,Wainani
Wainani F 502,8,8,Wainani
Wainani F 605,5,6,Wainani
Wainani F 603,3,6,Wainani
Wainani F 604,3,3,Wainani
Wainani F 602,1,2,Wainani
Wainani F 601,0,0,Wainani
Wainani F 401,5,7,Wainani
Wainani F 402,4,7,Wainani
Wainani F 404,2,2,Wainani
Wainani F 403,4,5,Wainani
Wainani F 405,3,4,Wainani
Sinclair 301 DH Makai,1,1,Sinclair Library
Sinclair 301 Ewa Mauka,1,1,Sinclair Library
Sinclair 301 Ewa Makai,1,1,Sinclair Library
Anuenue 304,1,1,Anuenue
Anuenue 215,1,1,Anuenue
Anuenue 212,0,0,Anuenue
Anuenue 213,0,0,Anuenue
Anuenue 202,0,0,Anuenue
Anuenue 210,0,0,Anuenue
Anuenue 207,0,0,Anuenue
Anuenue 205,0,0,Anuenue
Anuenue 204,0,0,Anuenue
Anuenue 111,0,0,Anuenue
Anuenue 110,0,0,Anuenue
Anuenue 107,0,0,Anuenue
Anuenue 105,0,0,Anuenue
Anuenue 104,0,0,Anuenue
Lower Campus 4-7,0,0,Lower Campus
St John 011 Mauka,1,1,St. John
Parking Structure Storage Room,1,1,Parking Structure
Ilima 202LT,1,2,Ilima
Lehua 202T,0,1,Lehua
AgSci 220 Makai Ewa,0,0,Ag. Science
AgSci 204 Mauka Ewa,1,4,Ag. Science
CBA D105,0,0,Shidler CBA
CBA E202,0,0,Shidler CBA
CBA C103,0,0,Shidler CBA
CBA E203,0,0,Shidler CBA
Biomed T208,0,0,Biomed
Kamakakuokalani,0,1,Hawaiian Studies (Kamakakuokalani)
Kamakakuokalani Kanewai,0,1,Hawaiian Studies (Kamakakuokalani)
Stan Sheriff Court Lower JJ Tunnel,0,0,Stan Sheriff Center
Stan Sheriff Court Lower BB Tunnel,0,0,Stan Sheriff Center
Auxilliary Svcs 212A,0,0,Auxiliary Services
Auxilliary Svcs 201,2,2,Auxiliary Services
Auxilliary Svcs 203,0,0,Auxiliary Services
Auxilliary Svcs 202,0,0,Auxiliary Services
Auxilliary Svcs 200B,0,0,Auxiliary Services
Auxilliary Svcs 212,0,0,Auxiliary Services
Auxilliary Svcs 208,0,0,Auxiliary Services
Auxilliary Svcs 206,0,0,Auxiliary Services
Auxilliary Svcs 124,1,1,Auxiliary Services
Auxilliary Svcs 103,1,2,Auxiliary Services
Auxilliary Svcs 108A,0,0,Auxiliary Services
Auxilliary Svcs 102,1,1,Auxiliary Services
Campus Center 105A Dining,0,0,Campus Center
Campus Center 307,0,0,Campus Center
Campus Center 309,0,0,Campus Center
Campus Center 310,0,0,Campus Center
Campus Center 308,0,0,Campus Center
Campus Center 105C Dining,0,1,Campus Center
Campus Center 203D,0,0,Campus Center
Campus Center 204B Dining Makai,0,0,Campus Center
Crawford 115 Mauka,0,0,Crawford Hall
Crawford 115 DH,1,1,Crawford Hall
Frear D 1105,0,1,Frear
Campus Center 202-A Exec Dine,0,0,Campus Center
Saunders 242,0,0,Saunders Hall
Gilmore 514,0,0,Gilmore
Music 7,1,1,Music
Music 9,1,1,Music
Kamakakuokalani 108B,0,0,Hawaiian Studies (Kamakakuokalani)
Kamakakuokalani 108 Exterior,0,0,Hawaiian Studies (Kamakakuokalani)
Biomed B101AAA,0,0,Biomed
Biomed T101 Hallway,0,1,Biomed
Ilima 536,3,6,Ilima
St John 411B,0,0,St. John
St John 415,0,0,St. John
St John 412,0,0,St. John
Admin Services 2 BET,0,0,Admin Services/Bookstore Warehouse
St John A300C,0,0,St. John
Admin Services 2 Parking Ofc,0,0,Admin Services/Bookstore Warehouse
Admin Services 2 100 Mauka,0,0,Admin Services/Bookstore Warehouse
Admin Services 2 100 Ewa,0,0,Admin Services/Bookstore Warehouse
St John 402A,0,0,St. John
Admin Services 2 100 Makai,1,1,Admin Services/Bookstore Warehouse
St John 409,0,0,St. John
Admin Services 2 102 Hallway,0,1,Admin Services/Bookstore Warehouse
St John 408,0,0,St. John
St John 410,0,0,St. John
Admin Services 2 103,0,0,Admin Services/Bookstore Warehouse
St John 405B,1,1,St. John
Wainani F 1105B,3,5,Wainani
QLC Outside Lanai,4,4,QLCSS
Frear Hall D 608B,2,2,Frear
Frear Hall D 910 A,0,0,Frear
Wainani G 106L,0,0,Wainani
LabSchPortableN1A,0,0,UH Lab School Portables (N)
LabSchPortableN4 DH,0,1,UH Lab School Portables (N)
LabSchPortableN4 Ewa,0,0,UH Lab School Portables (N)
LabSchPortableN3 Ewa,0,0,UH Lab School Portables (N)
LabSchPortableN2B,0,0,UH Lab School Portables (N)
LabSchPortableN1B,0,0,UH Lab School Portables (N)
LabSchPortableN2A,0,0,UH Lab School Portables (N)
LabSchPortableN3 DH,0,0,UH Lab School Portables (N)
Frear Hall D 1101C,0,0,Frear
thrift shop,0,1,Thrift Shop
St John 312 Hallway,0,0,St. John
St John 307,1,1,St. John
St John 303,0,0,St. John
St John 403 Hallway,0,1,St. John
St John 417 Hallway,0,0,St. John
Frear D 304B,3,4,Frear
Frear D 510A,9,11,Frear
Frear D 701H,3,4,Frear
Frear D 501C,3,3,Frear
Frear D 404B,1,1,Frear
George 227 Makai DH,0,0,George Hall
George 227 Mauka DH,0,0,George Hall
Frear D 1209,0,1,Frear
Frear D 605,2,3,Frear
Frear D 409,3,3,Frear
Frear D 406B,3,3,Frear
Frear D 206B,0,0,Frear
Frear D 205,5,7,Frear
Frear D 709,1,2,Frear
Frear D 1009,0,0,Frear
Frear D 405,7,10,Frear
Frear D 108H,1,1,Frear
Frear Q 1223H,0,0,Frear
Frear Q 1127H,0,1,Frear
Frear Q 1227H,0,0,Frear
Frear Q 1123H,0,0,Frear
Frear Q 1023H,0,0,Frear
Frear Q 923H,0,0,Frear
Frear Q 1027H,0,0,Frear
Frear Q 927H,0,0,Frear
Frear Q 823H,0,0,Frear
Frear Q 827H,0,0,Frear
Frear Q 723H,0,0,Frear
Frear Q 727H,0,0,Frear
Frear Q 623H,4,5,Frear
Frear Q 527H,2,4,Frear
Frear Q 627H,3,3,Frear
Frear Q 523H,5,6,Frear
Frear Q 423H,2,2,Frear
Frear Q 427H,7,7,Frear
Frear Q 323H,5,8,Frear
Frear Q 327H,3,10,Frear
Frear Q 230,6,7,Frear
Frear D 103H,0,0,Frear
Frear D 109,0,0,Frear
Frear D 805,6,9,Frear
Frear D 609,2,2,Frear
Frear D 1005,0,0,Frear
Frear D 909,0,0,Frear
Frear D 1205,0,0,Frear
Frear D 1106B,0,0,Frear
Frear D 1206B,0,0,Frear
Frear D 906B,0,0,Frear
Frear D 706B,0,0,Frear
Frear D 806B,2,2,Frear
Frear D 606B,1,2,Frear
Frear D 1006B,0,0,Frear
Frear D 506B,1,1,Frear
Frear D 106B,1,1,Frear
Frear D 306B,1,2,Frear
Frear D 309,2,2,Frear
Frear Q 223H,5,9,Frear
Johnson Hall B Conference,6,7,Johnson
Frear Q 830,7,7,Frear
CBA G103 Makai,0,1,Shidler CBA
Dean Hall 2B,1,2,Dean Hall
Johnson Hall A 113,3,4,Johnson
Kahawai 3C,2,3,Hale Kahawai
Johnson Hall B 128,1,1,Johnson
Mokihana 1178,3,4,Mokihana
Sherman 233 Hallway,0,0,Sherman Laboratory
Sherman 115 Hallway,0,0,Sherman Laboratory
Sherman 106 Hallway,0,0,Sherman Laboratory
Sherman 222 Hallway,1,1,Sherman Laboratory
Sherman 237A Hallway,0,0,Sherman Laboratory
Sherman 215 Hallway,1,1,Sherman Laboratory
Sherman 103 Hallway,0,0,Sherman Laboratory
Sherman 111 Hallway,1,1,Sherman Laboratory
Sherman 228 Hallway,0,0,Sherman Laboratory
Sherman 207 Hallway,1,2,Sherman Laboratory
Sherman 202,0,3,Sherman Laboratory
Sherman 212 Hallway,0,0,Sherman Laboratory
Sherman 131 Hallway,1,1,Sherman Laboratory
Sherman 121 Hallway,0,0,Sherman Laboratory
Sherman 101 Hallway,1,2,Sherman Laboratory
Sherman 242 Hallway,0,0,Sherman Laboratory
Sherman 123 Hallway,0,0,Sherman Laboratory
Hemenway 211,0,0,Hemenway Hall
Hemenway 200,2,2,Hemenway Hall
Hemenway 201,0,0,Hemenway Hall
Miller 2,0,0,Miller Hall
Hemenway 101A,0,0,Hemenway Hall
Hemenway 212A,0,2,Hemenway Hall
Hemenway 214 Hallway,0,1,Hemenway Hall
Hemenway 233A,0,0,Hemenway Hall
Miller 10,0,0,Miller Hall
Miller 110,0,0,Miller Hall
Miller 208,0,0,Miller Hall
Hemenway 110,0,0,Hemenway Hall
Miller 201,0,0,Miller Hall
Miller 101 Mauka,0,0,Miller Hall
Hemenway 200D,0,0,Hemenway Hall
Hemenway 200C,0,0,Hemenway Hall
Miller 204,0,0,Miller Hall
Hemenway 204,1,2,Hemenway Hall
Miller 201G Hallway,1,1,Miller Hall
Hemenway 202EC,1,2,Hemenway Hall
Hemenway 215,1,1,Hemenway Hall
Miller 3,0,0,Miller Hall
Hemenway 200AAA,0,0,Hemenway Hall
Hemenway 220,1,1,Hemenway Hall
Miller 107,0,0,Miller Hall
Sinclair Basement Break Room,2,2,Sinclair Library
RecCtr C101 Mauka,0,0,Warrior Recreational Center
Bachman Annex 6,0,3,Bachman Hall
Sinclair 116,0,0,Sinclair Library
Sinclair 303 Music Collection,1,1,Sinclair Library
Miller 103,1,1,Miller Hall
Campus Center 208,0,1,Campus Center
RecCtr Gym Mauka2,0,0,Warrior Recreational Center
Bachman 209,1,1,Bachman Hall
Sinclair Basement 1H Hallway,0,0,Sinclair Library
Sinclair Basement 1L Hallway,0,0,Sinclair Library
Hemenway Bale (Courtyard),0,0,Hemenway Hall
Campus Center 300B Mauka,0,0,Campus Center
Bachman 202E,0,0,Bachman Hall
Bachman 201,0,1,Bachman Hall
Bachman 113,0,0,Bachman Hall
Bachman 109J,1,1,Bachman Hall
Bachman 204A,0,0,Bachman Hall
Bachman 102A,0,0,Bachman Hall
RecCtr 2nd Fl Fitness Rm Mauka/DH,1,1,Warrior Recreational Center
Bachman 205 Hallway,1,1,Bachman Hall
Campus Center 105-Stir Fresh,1,1,Campus Center
Bachman 110,0,0,Bachman Hall
RecCtr A103 Lobby,0,0,Warrior Recreational Center
BachAnx 11-2,0,0,Bachman Hall
Miller 101 Makai,0,0,Miller Hall
Campus Center Ballroom Makai,0,0,Campus Center
Campus Center 316 Makai,0,0,Campus Center
Bookstore Warehouse Makai,2,2,Admin Services/Bookstore Warehouse
Sinclair Basement 4 Hallway,1,2,Sinclair Library
ParkingKioskBachman,0,1,Bachman Hall
RecCtr Track Makai1,0,0,Warrior Recreational Center
Sinclair Heritage Reading Room,0,2,Sinclair Library
Miller 1,0,0,Miller Hall
Bachman Annex #2,4,5,Bachman Hall
Campus Center 204C DH,1,1,Campus Center
Bachman 202B,0,0,Bachman Hall
Sinclair Basement 4B Hallway,1,1,Sinclair Library
Miller 12,0,0,Miller Hall
RecCtr 2nd Fl Fitness Rm Makai/DH,0,0,Warrior Recreational Center
Sinclair 202 Study Area,0,0,Sinclair Library
RecCtr 1st Fl Fitness Rm,0,0,Warrior Recreational Center
StarBucks Lobby Area,0,0,Campus Center
StarBucks East Enclosure,0,3,Campus Center
Admin Service 1 102,0,0,Admin Services/Bookstore Warehouse
Campus Center 204C Ewa,3,3,Campus Center
RecCtr C101 Makai,0,0,Warrior Recreational Center
RecCtr Gym Makai2,0,0,Warrior Recreational Center
RecCtr A102 Lobby,0,0,Warrior Recreational Center
Sinclair 309 Ewa Corner,1,1,Sinclair Library
Campus Center 211A,0,0,Campus Center
Campus Center 212C,0,0,Campus Center
Sinclair 201 Hallway,0,0,Sinclair Library
RecCtr 1st Fl Fitness Rm DH,0,0,Warrior Recreational Center
StarBucks West Enclosure,0,0,Campus Center
Sinclair 202 Ewa,0,0,Sinclair Library
Bachman Annex 9 Rm 3,0,0,Bachman Hall
Campus Center 121-Bookstore Receiving,0,0,Campus Center
RecCtr Track Mauka3,0,0,Warrior Recreational Center
Campus Center 117-Game Room,5,5,Campus Center
Campus Center 203C Hallway,1,1,Campus Center
RecCtr 2nd Fl Fitness Rm Mauka,0,0,Warrior Recreational Center
Lincoln Annex 6,3,3,Lincoln Hall Annexes
Campus Center 216,0,0,Campus Center
RecCtr Gym DH1,0,0,Warrior Recreational Center
RecCtr Gym Mauka3,0,0,Warrior Recreational Center
Campus Center 202A-Exec Dine Hallway,0,0,Campus Center
RecCtr A109 Womens Locker Rm,0,0,Warrior Recreational Center
Sinclair Basement 1B,0,0,Sinclair Library
RecCtr Track Makai2,0,0,Warrior Recreational Center
Bachman 109H,1,1,Bachman Hall
Campus Center 208L Conf Rm,0,0,Campus Center
RecCtr 2nd Fl Fitness Rm Mauka/Ewa,0,0,Warrior Recreational Center
RecCtr Gym Ewa1,0,0,Warrior Recreational Center
Sinclair 107B,0,0,Sinclair Library
Bachman Annex 13 Rm 9,0,1,Bachman Hall
Sinclair 106,0,3,Sinclair Library
Sinclair 126 Hallway,0,1,Sinclair Library
Hemenway Bale (DH),0,0,Hemenway Hall
Sinclair Annex 2 RM 1,0,1,Sinclair Annexes
Campus Center 121 Bookstore DH Makai,0,0,Campus Center
Sinclair 304,0,1,Sinclair Library
RecCtr 2nd Fl Fitness Rm Makai/Ewa,1,1,Warrior Recreational Center
Sinclair Basement 1P Hallway,0,0,Sinclair Library
Sinclair 129,0,0,Sinclair Library
RecCtr A117 Laundry Rm,4,4,Warrior Recreational Center
RecCtr 1st Fl Fitness Rm Ewa,0,0,Warrior Recreational Center
RecCtr Track Mauka1,0,0,Warrior Recreational Center
Bookstore Warehouse Mauka,1,1,Admin Services/Bookstore Warehouse
StarBucks South Enclosure,0,0,Campus Center
RecCtr A101 Entrance,2,2,Warrior Recreational Center
RecCtr 2nd Fl Fitness Rm Makai,0,1,Warrior Recreational Center
RecCtr Gym Mauka1,0,0,Warrior Recreational Center
Dean Hall RM 9A,2,2,Dean Hall
Murakami 114,0,0,Murakami
Murakami 103A,1,1,Murakami
Murakami 103C,2,2,Murakami
Murakami 2nd Fl Mauka Bathroom,0,0,Murakami
Murakami 2nd Fl Makai Stairs,0,1,Murakami
Murakami 2nd Fl Makai Bathroom,0,0,Murakami
Murakami 2nd Fl Mauka Stairs,1,1,Murakami
Murakami 121C Academic Center,0,0,Murakami
Murakami 401 Press Box,1,1,Murakami
Murakami 303 Hospitality RM,0,1,Murakami
Laulima 424T,4,5,Hale Laulima
Laulima FDO,0,0,Hale Laulima
Pamoa A-2,4,4,Campus Security
Murakami 153,0,0,Murakami
Frear Q 427A,1,1,Frear
Frear 804B,2,3,Frear
Frear 301C,1,2,Frear
Laulima 112,2,2,Hale Laulima
Frear D 1001C,0,0,Frear
Kahawai 416,0,0,Hale Kahawai
Anuenue 310,1,1,Anuenue
Anuenue 312,0,0,Anuenue
Anuenue 313,0,0,Anuenue
Anuenue 315,0,0,Anuenue
Anuenue 305,0,1,Anuenue
Anuenue 307,1,1,Anuenue
Anuenue 302,1,1,Anuenue
Murakami 201,0,0,Murakami
Murakami 106,0,0,Murakami
Anuenue Front Desk,0,1,Anuenue
Lower Campus 3 - 5,0,1,Lower Campus
PhyPlant193-1,1,8,Physical Plant
PhyPlant193-5 DH,2,5,Physical Plant
PhyPlant193 113 Hallway,2,3,Physical Plant
PhyPlant193 102A,0,0,Physical Plant
PhyPlant193 110 Hallway,1,1,Physical Plant
Laulima RLC Apt,1,1,Hale Laulima
PhyPlant193 101,3,3,Physical Plant
Dean Hall 202,0,0,Dean Hall
Temp KHET Studio,0,0,KHET Building
KHET M2 Hallway,0,0,KHET Building
Lehua Front Desk (105),0,0,Lehua
Lokelani 806A,3,4,Lokelani
KHET 101,0,0,KHET Building
St John 015,1,1,St. John
St John 011 Ewa,0,0,St. John
Lehua 1206A IDF,3,3,Lehua
Ilima 1206,0,0,Ilima
Ilima 1006,0,0,Ilima
Ilima 806,1,3,Ilima
Ilima 606,0,0,Ilima
Lokelani 1206A,0,0,Lokelani
Lokelani 1006A,1,1,Lokelani
Lokelani 606A,1,1,Lokelani
Lokelani 406A,1,2,Lokelani
Ilima 406,0,1,Ilima
Lehua 1006A,0,0,Lehua
Lehua 606A IDF,2,3,Lehua
Lehua 806A IDF,0,1,Lehua
Mokihana 1206,2,2,Mokihana
Mokihana 1006,2,4,Mokihana
Mokihana 806,0,0,Mokihana
Mokihana 606,1,1,Mokihana
Mokihana 406,1,2,Mokihana
Lehua 406A IDF,2,3,Lehua
Frear D 511X IDF,0,1,Frear
Frear Q 238X IDF,0,0,Frear
Frear Q 538X IDF,1,3,Frear
Frear D 211X IDF,2,2,Frear
Frear D 811X IDF,0,0,Frear
Frear Q 838X IDF,0,0,Frear
Frear D 1111X IDF,0,1,Frear
Frear Q 1138X IDF,0,0,Frear
CBA E402 Mauka,1,1,Shidler CBA
CBA E402 Makai,2,2,Shidler CBA
Biomed C105MC,0,0,Biomed
Biomed B102B,0,0,Biomed
Biomed B102C,0,0,Biomed
Biomed B102F,0,0,Biomed
Biomed B101 Hallway,0,0,Biomed
Biomed B204,0,0,Biomed
Biomed B207,0,0,Biomed
Biomed B209,0,0,Biomed
Biomed B206,0,1,Biomed
Biomed B205,0,0,Biomed
Biomed B103 Makai,0,0,Biomed
Biomed B208,0,0,Biomed
Biomed B210,0,0,Biomed
Biomed B104,1,1,Biomed
Biomed B107,2,3,Biomed
Biomed B203,0,0,Biomed
Biomed B101A Hallway,0,0,Biomed
Biomed B103 Ewa,0,0,Biomed
Transportation Portable 4,0,0,Transportation Portables
Biomed C105,0,0,Biomed
Biomed C107,0,1,Biomed
Biomed C210,0,1,Biomed
Biomed C201,0,0,Biomed
Biomed C104,0,0,Biomed
Biomed C206,0,0,Biomed
Biomed C203,2,2,Biomed
Biomed C208,0,1,Biomed
Biomed C105CA,0,1,Biomed
Biomed C105E,0,0,Biomed
Biomed C105G Hallway,0,0,Biomed
Biomed C106A,0,1,Biomed
Biomed C105J,0,0,Biomed
Biomed C207D Hallway,0,0,Biomed
Biomed C209,0,0,Biomed
Biomed C205,0,0,Biomed
Biomed C102,0,0,Biomed
Athletics 335,3,3,Athletics
Athletics 334 Hallway,3,4,Athletics
Athletics 361 Hallway,2,3,Athletics
Athletics 363 Hallway,2,9,Athletics
PhyPlant 193B - 2 Hallway,0,1,Physical Plant
PhyPlant 193B - 7 Hallway,0,0,Physical Plant
PhyPlant 193B - 1,2,5,Physical Plant
AgSci 105 Hallway,0,1,Ag. Science
Lokelani Front Desk (105),1,2,Lokelani
Mokihana Front Desk (105),1,3,Mokihana
HA Cafeteria Test,0,0,Hale Aloha Cafe
George 202,0,0,George Hall
CBA D102,0,0,Shidler CBA
Law School 132 Mauka,0,0,Law School
Ilima Front Desk (105),0,1,Ilima
St John 109,0,0,St. John
Athletics 136T,0,0,Athletics
Frear D 508H,3,4,Frear
Frear D 308H,5,8,Frear
Frear D 708H,0,0,Frear
Frear D 908H,0,0,Frear
Saunders 109,0,0,Saunders Hall
LowerCampus171F-123 Hallway,0,1,Building 171F
LowerCampus171F-101 Library,0,0,Building 171F
LowerCampus171F-117 Hallway,0,0,Building 171F
LowerCampus171F-111 Hallway,2,2,Building 171F
LowerCampus171F Lobby,1,4,Building 171F
LowerCampus171F-104 Hallway,0,0,Building 171F
LowerCampus171F-130 Hallway,0,0,Building 171F
Saunders 112,0,0,Saunders Hall
Saunders 114,0,0,Saunders Hall
Saunders 119,1,1,Saunders Hall
Saunders 107 Makai,0,0,Saunders Hall
Saunders 107 Mauka,2,2,Saunders Hall
Saunders 105,0,0,Saunders Hall
Saunders 107H,1,1,Saunders Hall
Saunders 107D,0,0,Saunders Hall
Saunders 116,0,0,Saunders Hall
Saunders 108,1,1,Saunders Hall
Lokelani 1164,4,4,Lokelani
PhyPlant195 203A,0,0,Physical Plant
Johnson Hall B 229,1,4,Johnson
Saunders 213,0,2,Saunders Hall
Saunders 229,1,1,Saunders Hall
Saunders 216,0,0,Saunders Hall
Dean Hall 4,0,0,Dean Hall
Saunders 238,0,0,Saunders Hall
Saunders 244,0,0,Saunders Hall
Saunders 333,0,0,Saunders Hall
Saunders 339,0,0,Saunders Hall
Saunders 243,0,0,Saunders Hall
CBA C101 Ewa,0,0,Shidler CBA
CBA C101 DH,0,0,Shidler CBA
Athletics 136L,0,0,Athletics
Saunders 541,0,0,Saunders Hall
QLCSS 306,0,0,QLCSS
Saunders 704F,1,1,Saunders Hall
Makai Campus 11-6 (AFROTC),1,2,Makai Campus Portables
Lower Campus 1-2,0,1,Lower Campus
Lower Campus 2-7,3,5,Lower Campus
Makai Campus 12-1 (Army ROTC),2,3,Makai Campus Portables
Biomed C202,0,1,Biomed
Biomed B201,0,0,Biomed
AgSci 201 Hallway,0,2,Ag. Science
St John 618,0,0,St. John
Athletics Gym 1,1,2,Athletics
Temp Portables 115,1,1,Temporary Portables
Temp Portables 122,0,0,Temporary Portables
Temp Portables 105,2,2,Temporary Portables
Laulima 407,1,1,Hale Laulima
PhyPlant193 102,0,1,Physical Plant
CBA A102 Ewa Mauka,0,0,Shidler CBA
CBA A101 DH Mauka,0,0,Shidler CBA
CBA A101 Ewa Mauka,0,0,Shidler CBA
CBA A102 DH Makai,0,0,Shidler CBA
CBA A102 DH Mauka,0,0,Shidler CBA
CBA A102 Ewa Makai,1,1,Shidler CBA
CBA A101 Ewa Makai,1,1,Shidler CBA
CBA A101 DH Makai,0,0,Shidler CBA
AgEngineering 122 Ewa,0,0,Ag. Engineering
Biomed T509C,0,0,Biomed
Wainani I Lounge,0,0,Wainani
Dean Hall 6,1,3,Dean Hall
Maile Way 2,3,6,Maile Way Annex
Everly 226,0,0,Everly
Everly 223,0,0,Everly
Everly 225,0,0,Everly
Everly 222,0,3,Everly
Everly 221,0,2,Everly
Everly 224,0,0,Everly
Everly 227,0,0,Everly
College Hill Attic,0,0,College Hill
Frear Q 1232 Conference room,0,0,Frear
Architecture 210 Mauka,0,0,Architecture Bldg
Architecture 210 Makai,0,0,Architecture Bldg
Architecture 205B Makai DH,1,1,Architecture Bldg
Architecture 205B Mauka Ewa,2,2,Architecture Bldg
Architecture 214,0,0,Architecture Bldg
Architecture 205B Mauka DH,0,0,Architecture Bldg
Architecture 215,0,0,Architecture Bldg
Architecture 310,1,1,Architecture Bldg
Architecture 305,0,1,Architecture Bldg
Architecture 312 DH,0,0,Architecture Bldg
Architecture 312 Ewa,0,0,Architecture Bldg
Architecture 106,2,2,Architecture Bldg
Architecture 104,0,0,Architecture Bldg
Architecture 308 Mauka,0,0,Architecture Bldg
Architecture 302 Ewa,0,0,Architecture Bldg
Architecture 308 Makai,0,0,Architecture Bldg
Architecture 302 DH,0,0,Architecture Bldg
Architecture 309,0,0,Architecture Bldg
Architecture 304,0,0,Architecture Bldg
Architecture 204,2,2,Architecture Bldg
Architecture 211,0,0,Architecture Bldg
Architecture 207B,1,1,Architecture Bldg
Architecture 212,0,0,Architecture Bldg
Architecture 301J,0,0,Architecture Bldg
Architecture 301B Hallway,1,1,Architecture Bldg
Architecture 101A Mauka,0,0,Architecture Bldg
Architecture 101A Makai,0,1,Architecture Bldg
Architecture 101,0,0,Architecture Bldg
Architecture 101C,0,0,Architecture Bldg
Architecture 101CA,0,0,Architecture Bldg
Architecture 203,0,0,Architecture Bldg
Architecture 201B,0,0,Architecture Bldg
Architecture 202,0,0,Architecture Bldg
Law School 207,0,0,Law School
Law School 203,0,0,Law School
Law School 208,0,0,Law School
Law School 204,0,0,Law School
Law School 101,2,2,Law School
Law School 102,1,1,Law School
Sinclair Basement 1X Hallway,0,0,Sinclair Library
Campus Center 121G (Bks Sales Office),0,0,Campus Center
Miller 11,0,0,Miller Hall
Sinclair Mezzanine 2,0,0,Sinclair Library
Sinclair 135,0,0,Sinclair Library
Sinclair Annex 2 RM 4D,0,0,Sinclair Annexes
Campus Center 313,0,0,Campus Center
Bachman Annex 13 Rm 1,0,2,Bachman Hall
RecCtr Track Mauka2,0,0,Warrior Recreational Center
Hemenway 107 DH,2,2,Hemenway Hall
Bachman Annex 12 Rm 6,0,0,Bachman Hall
Bachman Annex 9 Rm 6,0,1,Bachman Hall
Campus Center 316 Mauka,0,0,Campus Center
Campus Center Ballroom Mauka,0,0,Campus Center
Miller 7,0,0,Miller Hall
Campus Center 203B-Mtg RM-Ctr,1,1,Campus Center
Sinclair 310 AV Center DH,0,0,Sinclair Library
RecCtr Track Makai3,0,0,Warrior Recreational Center
RecCtr Gym Makai3,0,0,Warrior Recreational Center
Sinclair 501 DH,0,0,Sinclair Library
Bachman 101C,0,2,Bachman Hall
Bachman Annex 12 Rm 3,0,1,Bachman Hall
Campus Center 121 Bookstore Makai Ewa,3,3,Campus Center
Sinclair Basement 1V Hallway,3,3,Sinclair Library
Hemenway 107 Ewa,0,0,Hemenway Hall
Hemenway 101,0,1,Hemenway Hall
RecCtr A218,0,0,Warrior Recreational Center
Bachman Annex 10 Rm 1,1,1,Bachman Hall
Sinclair Mezzanine 1,0,0,Sinclair Library
Campus Center 121 (Bks School Supplies),0,0,Campus Center
RecCtr A115 Mens Locker Rm,0,0,Warrior Recreational Center
Bachman 105,0,0,Bachman Hall
Bachman 101,0,0,Bachman Hall
Sinclair Study Area Ewa,0,0,Sinclair Library
Campus Center UHFCU,0,0,Campus Center
Bachman 105F Hallway,0,0,Bachman Hall
RecCtr Gym DH2,0,0,Warrior Recreational Center
RecCtr Gym Makai1,0,0,Warrior Recreational Center
Campus Center 211C,0,0,Campus Center
Campus Center - 4th Fl Projection RM,0,0,Campus Center
Sinclair Annex 1 RM 7,0,1,Sinclair Annexes
Sinclair 202 Asia DH,0,0,Sinclair Library
Campus Center 300B Makai,0,0,Campus Center
Bachman 112B Hallway,2,3,Bachman Hall
Sinclair Circulation Area,1,1,Sinclair Library
Sinclair 306 AV Center,0,0,Sinclair Library
Bachman 207,0,0,Bachman Hall
Bachman 110E,0,0,Bachman Hall
Sinclair 202 Mauka,0,0,Sinclair Library
Campus Center 312,0,0,Campus Center
Campus Center 209,1,1,Campus Center
Sinclair 107,0,0,Sinclair Library
Law School 109 Hallway,0,0,Law School
Law School 111 Hallway,0,0,Law School
Law School 247/248 Hallway,0,0,Law School
Law School 244/245 Hallway,0,0,Law School
Law School 252,0,0,Law School
Law School 250/251 Hallway,0,0,Law School
Law School 212,0,6,Law School
Law School 223,0,0,Law School
Law School 214/215 Hallway,0,0,Law School
Law School 210 Hallway,0,0,Law School
Law School 107,0,0,Law School
Law School 108,2,2,Law School
Laulima 102,1,2,Hale Laulima
Biomed T312E,2,2,Biomed
AgSci BET,0,0,Ag. Science
Gateway Cafe Ewa Side,0,0,Gateway
Gateway Cafe DH Side,0,1,Gateway
LowerCampus MaintShed,4,6,Lower Campus
Biomed T210,0,0,Biomed
Biomed T503B Hallway,0,0,Biomed
Biomed T509A,0,0,Biomed
Biomed T506,0,0,Biomed
Biomed T503FA Hallway,0,0,Biomed
Biomed T514,0,0,Biomed
Biomed T511,1,1,Biomed
Biomed T509D,0,0,Biomed
Biomed T514A Hallway,0,0,Biomed
Biomed T501A,0,0,Biomed
Biomed T113,0,0,Biomed
Biomed T106,0,0,Biomed
Biomed T208 DH,0,0,Biomed
Biomed T208 Ewa,0,0,Biomed
Biomed T211,0,0,Biomed
Biomed T211A,0,0,Biomed
Biomed T110A Hallway,0,0,Biomed
Biomed T609,0,0,Biomed
Biomed T404G,0,0,Biomed
Biomed T401B,0,0,Biomed
Biomed T415,0,0,Biomed
Biomed T411,0,0,Biomed
Biomed E125,0,0,Biomed
Biomed E117 Hallway,1,1,Biomed
Biomed E106 Hallway,1,2,Biomed
Biomed E113 Hallway,0,0,Biomed
Biomed E110 Hallway,0,1,Biomed
Biomed E104 Hallway,4,5,Biomed
Biomed T102,0,0,Biomed
Biomed E101,2,3,Biomed
Biomed T110D Hallway,0,1,Biomed
Biomed T301,0,0,Biomed
Biomed T603E,0,0,Biomed
Biomed T603B,0,0,Biomed
Biomed T601,0,0,Biomed
Biomed T304A Hallway,0,0,Biomed
Biomed T304D Hallway,0,0,Biomed
Biomed T608A,0,0,Biomed
Biomed T705A,0,0,Biomed
Biomed T309A,1,1,Biomed
Biomed T312A,0,1,Biomed
Biomed T705B,0,0,Biomed
Biomed T312,0,1,Biomed
Biomed T408C,0,0,Biomed
Biomed T404I Hallway,0,0,Biomed
Biomed T410,0,0,Biomed
Biomed T409E,0,0,Biomed
Biomed T409 Hallway,1,1,Biomed
Biomed T603,0,0,Biomed
Biomed T701E,0,1,Biomed
Biomed T611,0,0,Biomed
Biomed T608,0,0,Biomed
Biomed T606,0,0,Biomed
Biomed T612,0,0,Biomed
Biomed T709C,1,1,Biomed
Biomed T709,1,1,Biomed
Biomed T701N Hallway,0,0,Biomed
Biomed T709A,0,0,Biomed
Biomed T706,0,0,Biomed
Biomed T701 Hallway,0,0,Biomed
Biomed T706A,0,1,Biomed
Biomed T707,0,0,Biomed
Biomed T701K Hallway,0,0,Biomed
Biomed E204A,0,0,Biomed
Biomed E203,0,0,Biomed
Biomed E201E Hallway,1,1,Biomed
Biomed E201,0,0,Biomed
Biomed E209,0,0,Biomed
Hawaii Hall 103,0,0,Hawaii Hall
Hawaii Hall 209 DH,0,0,Hawaii Hall
Athletics 138,0,0,Athletics
Athletics 136X,2,4,Athletics
Athletics Treatment RM,2,4,Athletics
Athletics Training RM,1,7,Athletics
Athletics 140,0,1,Athletics
Athletics 139,2,5,Athletics
Biomed T309,0,0,Biomed
Biomed T310A,1,2,Biomed
Biomed T308,0,0,Biomed
Biomed T111D Hallway,0,1,Biomed
Biomed T103,0,0,Biomed
Biomed T111F Hallway,1,1,Biomed
Pope Lab 100C Hallway,0,0,Pope Laboratory
Pope Lab 124,0,0,Pope Laboratory
Pope Lab 120,2,2,Pope Laboratory
Frear SHO Directors Office,0,1,Frear
Pope Lab 104,2,3,Pope Laboratory
Pope Lab 115 Hallway,0,1,Pope Laboratory
Pope LAb 120A,1,1,Pope Laboratory
Pope Lab 105 Hallway,0,1,Pope Laboratory
ResLife Conference Room,0,1,Johnson
Pope Lab Greenhouse DH,0,0,Pope Laboratory
Pope Lab Greenhouse Ewa,0,1,Pope Laboratory
Softball 201 Press Box,1,4,Softball Stadium
Lokelani 1309,2,2,Lokelani
Biomed BET,0,0,Biomed
George 104,0,0,George Hall
KHET Ewa 2nd Fl,0,0,KHET Building
Frear D 105,0,0,Frear
Frear Q 325H,6,8,Frear
Frear Q 525H,3,4,Frear
KHET DH 2ndFl,0,0,KHET Building
AgEngineering 106,0,0,Ag. Engineering
AgEngineering 111,0,0,Ag. Engineering
AgEngineering 120,1,2,Ag. Engineering
AgEngineering 123,0,0,Ag. Engineering
AgEngineering 126,0,0,Ag. Engineering
AgEngineering 103,0,1,Ag. Engineering
AgEngineering 122 DH,0,0,Ag. Engineering
Frear D 603H,8,13,Frear
Frear Q 630,0,0,Frear
Ching 206 Hallway,0,3,Ching
Ching Volleyball Court,0,6,Ching
Ching 3rd Fl Press Box Ewa,1,3,Ching
Ching 3rd Fl Press Box DH,1,6,Ching
Ching 307 Hallway,0,0,Ching
Frear D 1001H,0,0,Frear
Frear D 1101H,0,0,Frear
Frear D 1012H,0,0,Frear
Kahawai 202,0,0,Hale Kahawai
Kahawai 214,0,1,Hale Kahawai
Kahawai 209,0,1,Hale Kahawai
Kahawai 212,0,0,Hale Kahawai
Kahawai 204,1,1,Hale Kahawai
Kahawai 207,0,1,Hale Kahawai
Laulima 109,2,3,Hale Laulima
Laulima 409,1,1,Hale Laulima
Laulima 221,0,0,Hale Laulima
Laulima 209,3,5,Hale Laulima
Laulima 207,2,3,Hale Laulima
Laulima 421,2,2,Hale Laulima
Laulima 216,3,3,Hale Laulima
Laulima 219,0,0,Hale Laulima
Laulima 404,1,1,Hale Laulima
Laulima 204,0,0,Hale Laulima
Laulima 402,1,1,Hale Laulima
Laulima 419,1,2,Hale Laulima
Laulima 416,0,0,Hale Laulima
Laulima 414,0,0,Hale Laulima
Laulima 202,0,0,Hale Laulima
Mokihana 382,4,5,Mokihana
Mokihana 484,1,3,Mokihana
Mokihana 389,3,3,Mokihana
Mokihana 378,4,4,Mokihana
Mokihana 386,3,4,Mokihana
Laulima 104,3,4,Hale Laulima
Laulima 107,1,1,Hale Laulima
Mokihana 876,0,0,Mokihana
Mokihana 982,2,2,Mokihana
Frear D 903H,0,0,Frear
Frear D 905,0,0,Frear
Frear D 912H,0,0,Frear
Mokihana 476,2,2,Mokihana
Mokihana 1076,1,3,Mokihana
Mokihana 989,1,3,Mokihana
Frear D 901H,0,0,Frear
Mokihana 986,5,6,Mokihana
Mokihana 1080,2,2,Mokihana
Mokihana 582,4,5,Mokihana
Mokihana 586,3,3,Mokihana
Mokihana 676,2,2,Mokihana
Mokihana 578,2,4,Mokihana
Mokihana 688,1,3,Mokihana
Mokihana 589,3,2,Mokihana
Mokihana 680,5,9,Mokihana
Mokihana 684,6,7,Mokihana
Mokihana 778,4,4,Mokihana
Mokihana 782,3,3,Mokihana
Mokihana 786,4,7,Mokihana
Mokihana 880,3,4,Mokihana
Mokihana 888,4,4,Mokihana
Mokihana 789,4,5,Mokihana
Mokihana 884,3,4,Mokihana
Mokihana 1088,2,2,Mokihana
Mokihana 1084,3,5,Mokihana
Mokihana 978,2,2,Mokihana
Mokihana 1284,6,9,Mokihana
Mokihana 1280,3,4,Mokihana
Mokihana 1288,2,2,Mokihana
Mokihana 1186,2,4,Mokihana
Mokihana 1182,2,3,Mokihana
Frear SHO Assignment Office,1,1,Frear
Frear SHO Back Entry,0,0,Frear
Frear Q 330,10,11,Frear
Frear Q 221,6,8,Frear
Frear Q 1221,0,0,Frear
Frear Q 921,0,0,Frear
Frear Q 1121,0,0,Frear
Frear Q 321,2,4,Frear
Frear Q 1021,0,0,Frear
Frear Q 430,5,6,Frear
Frear Q 421,3,4,Frear
Frear Q 621,3,3,Frear
Frear Q 521,0,1,Frear
Frear Q 721,0,0,Frear
Frear Q 821,0,0,Frear
Frear D 305,6,7,Frear
Frear Q 530,9,11,Frear
Saunders 241,0,0,Saunders Hall
Saunders 240,0,0,Saunders Hall
Saunders 248,1,1,Saunders Hall
Saunders 205,0,1,Saunders Hall
Saunders 208,1,1,Saunders Hall
Saunders 247,1,2,Saunders Hall
Saunders 221,1,1,Saunders Hall
Saunders 211,1,1,Saunders Hall
Saunders 226,1,3,Saunders Hall
Saunders 232,1,1,Saunders Hall
Saunders 219,0,0,Saunders Hall
Saunders 223,2,2,Saunders Hall
Saunders 218,0,0,Saunders Hall
Saunders 247B,0,0,Saunders Hall
CBA D106 Ewa,0,0,Shidler CBA
CBA D103 Mauka,0,0,Shidler CBA
CBA D101 Mauka,0,0,Shidler CBA
CBA D104 DH,0,0,Shidler CBA
CBA D103 Makai,0,0,Shidler CBA
CBA D106 DH,0,0,Shidler CBA
CBA D104 Ewa,0,0,Shidler CBA
CBA D101 Makai,0,0,Shidler CBA
Saunders 342,0,0,Saunders Hall
Saunders 304,0,0,Saunders Hall
Saunders 346A,0,0,Saunders Hall
Saunders 345,0,0,Saunders Hall
Saunders 341,0,0,Saunders Hall
Saunders 337,0,0,Saunders Hall
Saunders 306,0,0,Saunders Hall
Saunders 309,0,0,Saunders Hall
Saunders 346C,0,0,Saunders Hall
Saunders 346,0,0,Saunders Hall
Saunders 326,0,0,Saunders Hall
Saunders 312,0,0,Saunders Hall
Saunders 315,1,1,Saunders Hall
Saunders 321,0,0,Saunders Hall
Saunders 317,0,0,Saunders Hall
Saunders 319,0,0,Saunders Hall
Saunders 324,1,1,Saunders Hall
Saunders 310,1,1,Saunders Hall
Saunders 330,1,1,Saunders Hall
Saunders 328,0,0,Saunders Hall
Saunders 507,0,0,Saunders Hall
Saunders 504,0,0,Saunders Hall
Athletics 241 Makai Ewa,0,0,Athletics
Athletics 241 Makai DH,0,1,Athletics
Athletics 241 Mauka Ewa,0,0,Athletics
Saunders 442,0,0,Saunders Hall
Saunders 415,0,0,Saunders Hall
Saunders 413,0,0,Saunders Hall
Saunders 411,0,0,Saunders Hall
Saunders 408,0,0,Saunders Hall
Saunders 405,0,0,Saunders Hall
Saunders 433,0,1,Saunders Hall
Saunders 417,1,2,Saunders Hall
Saunders 431,0,0,Saunders Hall
Saunders 422,0,0,Saunders Hall
Saunders 420,0,0,Saunders Hall
Saunders 425,0,0,Saunders Hall
Saunders 443,2,2,Saunders Hall
Saunders 441,0,0,Saunders Hall
Saunders 446,0,0,Saunders Hall
Saunders 445,0,0,Saunders Hall
Saunders 445B,0,0,Saunders Hall
Saunders 435,1,1,Saunders Hall
Saunders 542,0,0,Saunders Hall
Saunders 509,1,2,Saunders Hall
Saunders 542B,0,0,Saunders Hall
Saunders 539,0,0,Saunders Hall
Saunders 534A,1,3,Saunders Hall
Saunders 530,0,0,Saunders Hall
Saunders 540,0,0,Saunders Hall
Saunders 532,0,0,Saunders Hall
Saunders 528,0,0,Saunders Hall
Johnson Hall A 208,0,0,Johnson
Johnson Hall A 205,3,6,Johnson
Johnson Hall A 214,1,1,Johnson
Johnson Hall A 209,0,0,Johnson
Johnson Hall A 211,2,3,Johnson
Johnson Hall A 206,1,2,Johnson
Johnson Hall A 216,1,1,Johnson
Johnson Hall A 212,1,3,Johnson
Johnson Hall A 203,1,3,Johnson
Johnson Hall A 201,1,2,Johnson
Johnson Hall A 115,5,6,Johnson
Johnson Hall A 110,2,2,Johnson
Johnson Hall A 310,0,0,Johnson
Johnson Hall A 304,3,5,Johnson
Johnson Hall A 302,2,2,Johnson
Johnson Hall A 313,1,1,Johnson
Johnson Hall A 315,2,2,Johnson
Johnson Hall A 307,0,0,Johnson
Johnson Hall B 121,6,6,Johnson
Johnson Hall B 134,2,2,Johnson
Johnson Hall B 119,1,2,Johnson
Johnson Hall B 132,3,5,Johnson
Johnson Hall B 125,1,1,Johnson
Johnson Hall B 220,6,7,Johnson
Johnson Hall B 224,2,2,Johnson
Johnson Hall B 227,0,0,Johnson
Johnson Hall B 223,4,4,Johnson
Johnson Hall B 217,3,4,Johnson
Johnson Hall B 226,2,2,Johnson
Johnson Hall B 230,2,4,Johnson
Johnson Hall B 222,5,7,Johnson
Johnson Hall B 233,2,3,Johnson
Johnson Hall B 236,6,7,Johnson
Johnson Hall B 231,5,7,Johnson
Johnson Hall B 334,3,4,Johnson
Johnson Hall B 328,1,1,Johnson
Johnson Hall B 332,2,3,Johnson
Johnson Hall B 319,2,3,Johnson
Johnson Hall B 325,0,0,Johnson
Johnson Hall B 321,4,4,Johnson
Mokihana 480,5,7,Mokihana
Saunders 524,0,0,Saunders Hall
Saunders 514,0,0,Saunders Hall
Saunders 512,0,0,Saunders Hall
Saunders 523,0,0,Saunders Hall
Saunders 519,0,0,Saunders Hall
Saunders 517,1,1,Saunders Hall
Saunders 515,0,1,Saunders Hall
Saunders 510,0,0,Saunders Hall
Saunders 515C,1,1,Saunders Hall
Saunders 640,1,1,Saunders Hall
Saunders 636,0,0,Saunders Hall
Saunders 632,1,1,Saunders Hall
Saunders 634,0,0,Saunders Hall
Saunders 638,0,0,Saunders Hall
Saunders 605,0,0,Saunders Hall
Saunders 640C,1,2,Saunders Hall
Saunders 637,0,0,Saunders Hall
Saunders 631,1,1,Saunders Hall
Saunders 635,0,0,Saunders Hall
Saunders 633,0,0,Saunders Hall
Saunders 608,0,0,Saunders Hall
Saunders 613,0,0,Saunders Hall
Saunders 617,0,0,Saunders Hall
Saunders 624,0,0,Saunders Hall
Saunders 619,2,2,Saunders Hall
Saunders 627,1,1,Saunders Hall
Saunders 620,0,0,Saunders Hall
Saunders 616,0,0,Saunders Hall
Saunders 623,0,1,Saunders Hall
Saunders 611,0,0,Saunders Hall
Athletics 135A,1,3,Athletics
Athletics 136A,1,3,Athletics
Saunders 721E,0,0,Saunders Hall
Saunders 720,0,0,Saunders Hall
Saunders 713,0,0,Saunders Hall
Saunders 723,0,0,Saunders Hall
Saunders 712,0,0,Saunders Hall
Saunders 715,0,0,Saunders Hall
Saunders 721K,1,1,Saunders Hall
Saunders 722,0,0,Saunders Hall
Saunders 713C Hallway,0,0,Saunders Hall
Athletics 136 Lockers,0,0,Athletics
Athletics 136E Hallway,0,0,Athletics
Saunders 704D,0,0,Saunders Hall
Saunders 704,0,0,Saunders Hall
Saunders 708,0,0,Saunders Hall
Saunders 704I,0,0,Saunders Hall
Saunders 707,0,0,Saunders Hall
Saunders 721G,0,0,Saunders Hall
Frear D 505,5,6,Frear
Frear D 412,5,7,Frear
Frear Q 225H,6,10,Frear
Frear D 501H,2,3,Frear
Frear D 301H,5,6,Frear
Frear D 408H,4,6,Frear
Frear D 201H,3,4,Frear
Frear D 212H,1,1,Frear
Frear Q 227H,3,4,Frear
Frear D 203H,7,8,Frear
Frear Q 425H,1,2,Frear
Frear D 403H,6,8,Frear
Frear D 312H,6,6,Frear
Frear D 512H,0,0,Frear
Frear D 112H,0,0,Frear
Frear D 101H,0,0,Frear
Frear D 503H,9,11,Frear
Frear D 401H,8,9,Frear
Frear D 208H,6,6,Frear
Frear D 303H,6,8,Frear
Frear 132 Game room,1,5,Frear
Frear Main Front Desk,2,4,Frear
Frear Q 825H,0,0,Frear
Frear Q 1030,0,0,Frear
Frear Q 1130,0,1,Frear
Frear D 712H,1,1,Frear
Frear D 801H,3,4,Frear
Frear D 705,4,5,Frear
Frear D 803H,4,7,Frear
Frear D 701C,5,6,Frear
Frear D 808H,2,2,Frear
Frear Q 925H,0,0,Frear
Frear Q 730,0,0,Frear
Frear Q 930,0,0,Frear
Frear D 812H,0,0,Frear
Frear Q 725H,0,0,Frear
Frear D 703H,6,8,Frear
Frear Q 625H,7,7,Frear
Frear D 608H,1,1,Frear
Frear D 601H,7,8,Frear
Frear D 612H,3,4,Frear
Frear Q 1025H,0,0,Frear
Frear Q 1125H,0,0,Frear
Frear Q 1225H,0,0,Frear
Athletics FB Meeting Rm 1,0,6,Athletics
Kahawai 116,1,1,Hale Kahawai
Kahawai 112,3,3,Hale Kahawai
Kahawai 118,3,3,Hale Kahawai
Kahawai 114,3,4,Hale Kahawai
Kahawai 120,3,3,Hale Kahawai
George 213,0,0,George Hall
LowerCampus171H-34,0,0,Lower Campus
LowerCampus171H-39,0,0,Lower Campus
Athletics 302 Hallway,2,4,Athletics
Athletics 326 Hallway,0,3,Athletics
Athletics 323 Hallway,2,2,Athletics
Athletics 200,1,3,Athletics
Athletics 230 Hallway,0,4,Athletics
Athletics 209 Hallway,0,0,Athletics
Athletics 216 Hallway,1,1,Athletics
Athletics 212 Hallway,0,1,Athletics
Athletics 206,0,0,Athletics
Athletics 110 Hallway,1,3,Athletics
Athletics 224,0,0,Athletics
Athletics 113 Hallway,0,2,Athletics
Athletics 105 Hallway,1,1,Athletics
Athletics 320 Hallway,0,0,Athletics
Athletics 205,0,0,Athletics
Athletics 102 Hallway,3,11,Athletics
Athletics 104 Hallway,1,2,Athletics
Athletics 221 Hallway,1,5,Athletics
Athletics 311 Hallway,0,0,Athletics
Athletics 316,0,1,Athletics
Athletics 314 Hallway,1,1,Athletics
Athletics 308 Hallway,1,2,Athletics
Athletics 228 Hallway,1,5,Athletics
Athletics FB Meeting Rm 2,0,1,Athletics
Athletics FB Meeting Rm 3,1,2,Athletics
Athletics FB Meeting Rm 4,0,5,Athletics
Athletics FB Meeting Rm 5,0,1,Athletics
Athletics FB Meeting Rm 6,0,0,Athletics
Hawaii Hall 307A,0,0,Hawaii Hall
Law Library A100B,1,2,Law Library
Law Library A115,1,1,Law Library
Law Library Makai-Center Ewa,0,0,Law Library
Law Library A101 Front Desk,0,0,Law Library
Law Library A105 Makai Ewa,0,0,Law Library
Law Library A101 Ewa,1,2,Law Library
Law Library A101 DH,0,0,Law Library
Law Library A105 Mauka Ewa,0,1,Law Library
Law Library A112,0,0,Law Library
Law Library A118,0,0,Law Library
Law Library A119,1,1,Law Library
Law Library A105/A121 wall,1,2,Law Library
Law Library A120,0,0,Law Library
Law School 128 Mauka,0,0,Law School
Law School 130 Makai DH,0,0,Law School
Law School 132 Makai DH,0,0,Law School
Law School 132 Makai Ewa,0,0,Law School
Law School 130 Makai Ewa,0,0,Law School
Law School 130 Mauka Ewa,0,0,Law School
Law School 130 Mauka DH,0,0,Law School
Law Library A105 Makai DH,1,1,Law Library
Law Library A106,3,3,Law Library
Law Library A105 Mauka Center,0,3,Law Library
George 112,0,0,George Hall
George 113B,0,0,George Hall
George 103,0,0,George Hall
George 114,0,0,George Hall
George 106B,1,1,George Hall
George 226,0,0,George Hall
George 321 Hallway,0,0,George Hall
George 326 Hallway,0,0,George Hall
Law School 128 Makai,0,0,Law School
George 227 Makai Ewa,0,0,George Hall
George 227 Mauka Ewa,0,0,George Hall
George 344 Hallway,0,0,George Hall
George 225 Hallway,0,0,George Hall
George 346,0,0,George Hall
George 211,0,0,George Hall
George 206 Hallway,1,1,George Hall
George 215,0,0,George Hall
George 212,0,0,George Hall
George 214,0,0,George Hall
George 316 Hallway,0,0,George Hall
George 308 Hallway,0,0,George Hall
George 313 Hallway,0,0,George Hall
George 222 Hallway,0,0,George Hall
George 203 Hallway,0,0,George Hall
George 304 Hallway,0,0,George Hall
Parking Kiosk Maile Way,1,2,Entrance Kiosks
QLCSS 212E Hallway,1,1,QLCSS
QLCSS 312UC Hallway,0,0,QLCSS
QLCSS 206BD Hallway,0,0,QLCSS
QLCSS 001P Hallway,1,1,QLCSS
QLCSS 206B,1,1,QLCSS
QLCSS 212T Hallway,0,0,QLCSS
St John 107,1,1,St. John
St John 111,0,2,St. John
St John 007,0,1,St. John
St John 203 Hallway,1,1,St. John
St John 606 Hallway,0,0,St. John
St John 115,1,1,St. John
St John 200B,1,1,St. John
St John 207,0,0,St. John
St John 206,1,1,St. John
St John 006,0,0,St. John
St John 205 Hallway,0,0,St. John
St John 112,0,0,St. John
St John 209,0,0,St. John
St John 103,0,0,St. John
St John 201,2,2,St. John
St John 110,0,0,St. John
St John 013,1,1,St. John
St John 402,0,0,St. John
St John 302,1,1,St. John
St John 308,3,3,St. John
Hawaii Hall 302E,0,0,Hawaii Hall
Gartley 101,0,0,Gartley Hall
Gartley 201 DH,0,0,Gartley Hall
Gartley 103 Ewa,0,0,Gartley Hall
Gartley 204,0,0,Gartley Hall
Gartley 214 Hallway,0,0,Gartley Hall
Gartley 205,0,0,Gartley Hall
Gartley 104,0,0,Gartley Hall
Gartley 102,0,0,Gartley Hall
Gartley 103 DH,0,0,Gartley Hall
Gartley 112,0,0,Gartley Hall
Gartley 201 Ewa,1,1,Gartley Hall
St John 603,1,1,St. John
St John 515 Hallway,0,0,St. John
St John 512 Hallway,0,0,St. John
St John 516 Hallway,0,0,St. John
St John 510 Hallway,0,0,St. John
St John 515B,3,3,St. John
St John 506,0,0,St. John
St John 507,0,0,St. John
St John 502,0,0,St. John
St John 505,0,0,St. John
St John 602,0,0,St. John
St John 607,0,0,St. John
Gartley 007 Hallway,0,0,Gartley Hall
Gartley 004,1,1,Gartley Hall
Gartley 018,0,0,Gartley Hall
Gartley 001,1,1,Gartley Hall
Gartley 002,0,0,Gartley Hall
Klum Gym Makai,0,1,Klum Gym
Klum Gym Mauka,0,0,Klum Gym
Ching 109A Hallway,1,1,Ching
Ching 112 Hallway,0,0,Ching
Ching Locker RM2,0,0,Ching
Ching 106 Hallway,1,2,Ching
Ching Locker RM1,0,0,Ching
Ching 114 Hallway,2,2,Ching
Ching Mauka Entrance,0,0,Ching
Ching 110C,3,3,Ching
Korean Studies 105 Hallway,0,0,Korean Studies
Korean Studies 204 Hallway,0,0,Korean Studies
Makai Campus 16-3,0,2,Makai Campus Portables
Makai Campus 14-3,0,0,Makai Campus Portables
Makai Campus 15-5,0,1,Makai Campus Portables
Makai Campus 13-4,0,0,Makai Campus Portables
Makai Campus 13-1A,0,0,Makai Campus Portables
Makai Campus 14-1,1,2,Makai Campus Portables
Makai Campus 16-1,0,0,Makai Campus Portables
Ilima 1226,4,6,Ilima
Ilima 1234,7,7,Ilima
Ilima 1230,2,5,Ilima
Ilima 1238,3,7,Ilima
Ilima 1136,0,3,Ilima
Ilima 1026,5,5,Ilima
Ilima 1030,5,8,Ilima
Ilima 928,7,8,Ilima
Ilima 932,8,10,Ilima
Ilima 936,1,3,Ilima
Ilima 939,1,1,Ilima
Ching 209 Hallway,1,3,Ching
Ching 208 Hallway,0,0,Ching
Mokihana 488,2,2,Mokihana
Frear D 1108H,0,1,Frear
Frear D 1103H,0,0,Frear
Frear D 1201H,0,0,Frear
Frear D 1112H,0,1,Frear
Frear D 1212H,0,0,Frear
Frear D 1208H,1,1,Frear
Frear D 1008H,0,0,Frear
Frear D 1003H,0,0,Frear
Frear D 1203H,0,0,Frear
Mokihana 1276,1,1,Mokihana
Mokihana 1189,1,1,Mokihana
Laulima 309,1,2,Hale Laulima
Laulima 321,2,2,Hale Laulima
Laulima 316,2,2,Hale Laulima
Laulima 307,5,8,Hale Laulima
Laulima 304,3,3,Hale Laulima
Laulima 314,0,0,Hale Laulima
Laulima 302,0,0,Hale Laulima
Laulima 319,0,0,Hale Laulima
Kahawai 320,4,4,Hale Kahawai
Kahawai 318,4,7,Hale Kahawai
Kahawai 307,4,5,Hale Kahawai
Kahawai 302,3,3,Hale Kahawai
Kahawai 304,1,2,Hale Kahawai
Kahawai 314,4,5,Hale Kahawai
Kahawai 309,2,2,Hale Kahawai
Kahawai 312,2,3,Hale Kahawai
Laulima 214,2,2,Hale Laulima
Kahawai 412,3,3,Hale Kahawai
Kahawai 414,3,3,Hale Kahawai
Kahawai 418,0,0,Hale Kahawai
Kahawai 420,2,3,Hale Kahawai
Kahawai 402,0,0,Hale Kahawai
Kahawai 404,0,0,Hale Kahawai
Kahawai 407,0,1,Hale Kahawai
Kahawai 409,1,1,Hale Kahawai
Kahawai 220,4,5,Hale Kahawai
Kahawai 218,5,6,Hale Kahawai
Ilima 826,4,5,Ilima
Ilima 830,5,6,Ilima
Ilima 834,3,3,Ilima
Ilima 838,2,3,Ilima
Ilima 728,5,7,Ilima
Ilima 732,4,6,Ilima
Ilima 736,4,4,Ilima
Ilima 739,2,3,Ilima
Ilima 626,6,7,Ilima
Ilima 634,2,2,Ilima
Ilima 630,9,11,Ilima
Ilima 638,2,4,Ilima
Ilima 528,4,4,Ilima
Ilima 532,2,4,Ilima
Ilima 539,1,1,Ilima
AgEngineering 114,1,1,Ag. Engineering
Ilima 332,2,3,Ilima
Ilima 339,0,1,Ilima
Ilima 336,2,4,Ilima
Ilima 328,2,3,Ilima
Ilima 426,5,7,Ilima
Ilima 430,4,5,Ilima
Ilima 438,1,2,Ilima
Ilima 434,5,6,Ilima
Ilima 1038,4,5,Ilima
Ilima 1132,8,9,Ilima
Ilima 1128,2,2,Ilima
Ilima 1034,4,5,Ilima
Ilima 1139,4,4,Ilima
AgSci 416 Hallway,0,0,Ag. Science
AgSci 415J Hallway,1,1,Ag. Science
AgSci 419,1,2,Ag. Science
AgSci 402F Hallway,1,1,Ag. Science
AgSci 415L Hallway,1,2,Ag. Science
AgSci 402I Hallway,0,0,Ag. Science
AgSci 415D Hallway,3,3,Ag. Science
AgSci 205,2,2,Ag. Science
AgSci 219,0,0,Ag. Science
AgSci 218,1,1,Ag. Science
AgSci 217,3,4,Ag. Science
AgSci 215,1,1,Ag. Science
AgSci 209 Hallway,2,5,Ag. Science
AgSci 220,0,0,Ag. Science
AgSci 204,0,0,Ag. Science
AgSci 224,0,1,Ag. Science
AgSci 417 Hallway,0,0,Ag. Science
AgSci 408 Hallway,0,0,Ag. Science
AgSci 418 Hallway,0,0,Ag. Science
AgSci 414,0,0,Ag. Science
AgSci 402B Hallway,0,0,Ag. Science
AgSci 314J Hallway,2,3,Ag. Science
AgSci 314D Hallway,0,1,Ag. Science
AgSci 314N Hallway,1,3,Ag. Science
AgSci 302D Hallway,0,1,Ag. Science
AgSci 315,1,1,Ag. Science
AgSci 302J Hallway,1,2,Ag. Science
AgSci 318 Hallway,4,5,Ag. Science
AgSci 304 Hallway,0,1,Ag. Science
AgSci 312 Hallway,3,3,Ag. Science
AgSci 118,0,0,Ag. Science
Pope Lab 122,3,3,Pope Laboratory
Dean Hall 104,0,0,Dean Hall
Law School 233,0,2,Law School
Wist Hall 231 Hallway,1,1,Wist Hall
Athletics FB Locker RM1,0,0,Athletics
Athletics FB Locker RM2,0,0,Athletics
Gateway DH 702,3,4,Gateway
C-MORE Makai Entrance,0,6,C-MORE
Lokelani 463,1,1,Lokelani
Nagatani 25L Hallway,0,1,Nagatani
Lehua 1201,3,4,Lehua
Lehua 703,3,6,Lehua
Lehua 1103,1,3,Lehua
Lehua 1107,1,3,Lehua
Lehua 1114,1,1,Lehua
Lehua 1205,3,4,Lehua
Lehua 1111,1,1,Lehua
Lehua 1209,5,8,Lehua
Lehua 1213,1,1,Lehua
Lehua 1009,2,2,Lehua
Lehua 914,6,6,Lehua
Lehua 1005,3,6,Lehua
Lehua 1013,2,2,Lehua
Lehua 903,2,3,Lehua
Lehua 911,2,3,Lehua
Lehua 1001,3,5,Lehua
Lehua 907,2,2,Lehua
Lehua 707,4,4,Lehua
Lehua 714,3,3,Lehua
Lehua 801,5,6,Lehua
Lehua 805,3,4,Lehua
Lehua 813,2,3,Lehua
Lehua 809,3,3,Lehua
Lehua 711,6,8,Lehua
Lokelani 953,3,4,Lokelani
Lokelani 764,3,6,Lokelani
Lehua 311,1,1,Lehua
Lehua 609,6,7,Lehua
Lehua 613,3,5,Lehua
Lehua 503,2,4,Lehua
Lehua 511,4,7,Lehua
Lehua 507,2,2,Lehua
Lehua 605,3,5,Lehua
Lehua 514,5,6,Lehua
Lehua 601,1,2,Lehua
Lehua 314,0,0,Lehua
Lehua 307,0,0,Lehua
Lehua 409,0,0,Lehua
Lehua 405,2,3,Lehua
Lehua 413,2,3,Lehua
Lehua 401,7,9,Lehua
Lehua 303,3,4,Lehua
Hawaii Hall 302A/302B,0,0,Hawaii Hall
Lokelani 1055,3,4,Lokelani
Lokelani 1161,9,9,Lokelani
Lokelani 1153,4,5,Lokelani
Lokelani 1259,5,5,Lokelani
Lokelani 1157,5,5,Lokelani
Lokelani 1255,4,4,Lokelani
Lokelani 1263,1,2,Lokelani
Lokelani 1251,0,0,Lokelani
Lokelani 855,4,5,Lokelani
Lokelani 1063,2,2,Lokelani
Lokelani 1059,3,5,Lokelani
Lokelani 964,3,3,Lokelani
Lokelani 1051,3,4,Lokelani
Lokelani 961,3,4,Lokelani
Lokelani 957,1,2,Lokelani
Lokelani 859,4,6,Lokelani
Lokelani 863,3,5,Lokelani
Lokelani 761,3,3,Lokelani
Lokelani 851,7,8,Lokelani
Lokelani 651,2,2,Lokelani
Lokelani 561,4,5,Lokelani
Lokelani 753,3,5,Lokelani
Lokelani 757,3,6,Lokelani
Lokelani 564,3,4,Lokelani
Gilmore 108,0,0,Gilmore
Gilmore 105,1,1,Gilmore
Gilmore 100EA Hallway,0,0,Gilmore
CBA E501 DH,0,0,Shidler CBA
Gilmore 203,0,0,Gilmore
Gilmore 214,0,0,Gilmore
Gilmore 100EB Hallway,0,0,Gilmore
Gilmore 202,0,1,Gilmore
Gilmore 202E,0,0,Gilmore
Gilmore 209,0,1,Gilmore
Gilmore 207,0,0,Gilmore
Gilmore 210,0,0,Gilmore
Gilmore 308,0,0,Gilmore
Gilmore 307,0,0,Gilmore
Gilmore 404,0,0,Gilmore
Gilmore 503,0,0,Gilmore
Gilmore 506,0,0,Gilmore
Gilmore 609A,0,0,Gilmore
Gilmore 601A,0,0,Gilmore
Gilmore 603,0,0,Gilmore
Gilmore 607A,0,0,Gilmore
Gilmore 607,1,1,Gilmore
Gilmore 401,0,0,Gilmore
Gilmore 403,0,0,Gilmore
Gilmore 306,0,0,Gilmore
Gilmore 310A,0,0,Gilmore
Gilmore 310,0,0,Gilmore
Gilmore 303,0,0,Gilmore
Gilmore 311,0,0,Gilmore
Gilmore 301,0,0,Gilmore
Gilmore 413,0,0,Gilmore
Gilmore 409 Hallway,0,0,Gilmore
Gilmore 410,0,1,Gilmore
Gilmore 411,0,0,Gilmore
Gilmore 509,0,0,Gilmore
Gilmore 501,0,0,Gilmore
Gilmore 511,0,0,Gilmore
Gilmore 513,0,0,Gilmore
Gilmore 510,0,0,Gilmore
Gilmore 612A,0,0,Gilmore
Gilmore 610,0,0,Gilmore
PhyPlant 195 Mezzanine,2,2,Physical Plant
PhyPlant 194 Rm 01 Corner Ofc.,0,2,Physical Plant
PhyPlant 195 Fiscal Office,0,1,Physical Plant
Campus Security C,4,4,Campus Security
Campus Security B,0,3,Campus Security
Pamoa A-4,2,5,Campus Security
Stan Sheriff 104 Ewa,4,10,Stan Sheriff Center
Stan Sheriff 104 DH,2,9,Stan Sheriff Center
Temp Portables 101,2,3,Temporary Portables
Lincoln Annex 2,1,2,Lincoln Hall Annexes
Gateway Ewa 212,1,2,Gateway
Korean Studies 3rd Fl Library,0,0,Korean Studies
Lokelani 455,4,8,Lokelani
Lokelani 364,2,2,Lokelani
Kahanamoku Pool B124,0,0,Kahanamoku Pool
Landscaping BET,2,2,Landscaping
Lokelani 459,2,3,Lokelani
QLCSS 104,0,2,QLCSS
Transportation Portables,0,0,Transportation Portables
George 113A,0,0,George Hall
Music 112 Lower DH Court,1,1,Music
Music 116 Lower Ewa Court,0,0,Music
Lokelani 357,0,0,Lokelani
Lokelani 361,6,7,Lokelani
Lokelani 451,1,2,Lokelani
Lokelani 353,4,8,Lokelani
Gateway Ewa 415,1,1,Gateway
Gateway Ewa 410,4,6,Gateway
Gateway DH 405,2,3,Gateway
LowerCampus171P-1,0,0,Lower Campus
LowerCampus171N-1,0,0,Lower Campus
EHSO Ewa Trailer,1,1,Environmental Health & Safety Office
Gateway DH 400,0,0,Gateway
EHSO Classroom,2,3,Environmental Health & Safety Office
Letterwinners,0,2,Letterwinners Portable
Na Koa,2,2,Na Koa Portable
LowerCampus171C-43,0,0,Lower Campus
Lunalilo Portable 4,0,0,Lunalilo Portables
QLCSS 313 Hallway,0,0,QLCSS
QLCSS 310,0,0,QLCSS
QLCSS 406,0,0,QLCSS
QLCSS 306F Hallway,0,0,QLCSS
QLCSS 312J Hallway,0,0,QLCSS
QLCSS 001N Hallway,2,2,QLCSS
QLCSS 213,1,1,QLCSS
QLCSS 101 Ewa,0,0,QLCSS
QLCSS 312 Hallway,0,0,QLCSS
QLCSS 407,1,3,QLCSS
QLCSS 312E Hallway,0,0,QLCSS
QLCSS 413H Hallway,0,3,QLCSS
QLCSS 414,2,2,QLCSS
QLCSS 409,0,0,QLCSS
QLCSS 214,4,4,QLCSS
QLCSS 209A,2,2,QLCSS
QLCSS 408,3,3,QLCSS
QLCSS 309D Hallway,0,0,QLCSS
QLCSS 001G Hallway,0,0,QLCSS
QLCSS 112L Hallway,2,2,QLCSS
QLCSS 112,0,0,QLCSS
QLCSS 413,0,0,QLCSS
QLCSS 014,0,0,QLCSS
QLCSS 105F Hallway,1,1,QLCSS
QLCSS 113P Hallway,0,0,QLCSS
QLCSS 212L Hallway,1,1,QLCSS
QLCSS 308 Hallway,0,0,QLCSS
QLCSS 013,0,0,QLCSS
QLCSS 010 Makai,2,2,QLCSS
QLCSS 013Q Hallway,0,0,QLCSS
QLCSS 010 Mauka,0,0,QLCSS
QLCSS 012,0,0,QLCSS
Crawford 212,1,1,Crawford Hall
Crawford 105 Makai,1,1,Crawford Hall
Crawford 113 Hallway,0,0,Crawford Hall
Crawford 220,1,1,Crawford Hall
Crawford 105 Mauka,0,0,Crawford Hall
Crawford 208 Hallway,0,0,Crawford Hall
Crawford 320,0,0,Crawford Hall
Crawford 114,1,1,Crawford Hall
Crawford 315 Hallway,1,1,Crawford Hall
Crawford 308 Hallway,1,1,Crawford Hall
Crawford 223 Hallway,1,1,Crawford Hall
Crawford 327 Hallway,0,0,Crawford Hall
Crawford 227 Hallway,0,0,Crawford Hall
Crawford 115 Makai,0,0,Crawford Hall
Kamakakuokalani 109 Outdoor,0,0,Hawaiian Studies (Kamakakuokalani)
QLCSS 101 DH,2,2,QLCSS
Kamakakuokalani 101B,0,0,Hawaiian Studies (Kamakakuokalani)
Kamakakuokalani 210,0,0,Hawaiian Studies (Kamakakuokalani)
Kamakakuokalani 105,0,0,Hawaiian Studies (Kamakakuokalani)
St John 616 Hallway,0,0,St. John
St John 614,0,0,St. John
St John 612 Hallway,0,0,St. John
St John 618A,0,0,St. John
Gartley 203,0,0,Gartley Hall
St John Garden 157,0,0,St. John
St John Garden 159,0,0,St. John
St John Garden 152,0,0,St. John
St John Garden 151,0,0,St. John
St John 317 Hallway,0,0,St. John
St John 011 DH,0,1,St. John
St John 002,1,1,St. John
St John 008,0,0,St. John
St John 102,0,0,St. John
St John 017,1,2,St. John
St John 212,0,0,St. John
Lunalilo Portable 1 Rm 6,1,2,Lunalilo Portables
Lunalilo Portable 1 Rm 2,1,3,Lunalilo Portables
CBA A407 Hallway,0,0,Shidler CBA
CBA A402 Hallway,0,0,Shidler CBA
CBA A412 Hallway,0,0,Shidler CBA
CBA A415 Hallway,0,0,Shidler CBA
CBA E101,0,0,Shidler CBA
CBA E102,0,0,Shidler CBA
AFROTC 2-3B,1,1,AFROTC Portables
AFROTC 1-6A,0,0,AFROTC Portables
Makai Campus 11-1D (Army ROTC),0,0,Army ROTC Portables
PhyPlant 194 Rm 16,0,0,Physical Plant
Lower Campus 2-2,0,0,Lower Campus
Lower Campus 1-7,0,0,Lower Campus
Athletics PE MensLocker 10,1,3,Athletics
Nagatani 25N New,0,0,Nagatani
Nagatani 24,0,0,Nagatani
Nagatani 25,0,1,Nagatani
Athletics PE WomensLocker,0,1,Athletics
Nagatani 21,0,1,Nagatani
Nagatani 31 Hallway,0,1,Nagatani
Nagatani 16N Hallway,0,1,Nagatani
Nagatani 32 Hallway,1,1,Nagatani
Nagatani 23 Makai,0,0,Nagatani
Nagatani 25A Hallway,1,4,Nagatani
Nagatani Lounge,0,0,Nagatani
Nagatani Lounge Hallway,1,1,Nagatani
Nagatani 16R Hallway,0,0,Nagatani
Nagatani 23 Mauka,0,0,Nagatani
Dive Safety A3,0,1,Diving Safety
Makai Campus 12-7 (Army ROTC),1,1,Army ROTC Portables
Kahanamoku Pool A111,1,1,Kahanamoku Pool
Credit Union Building,0,1,Federal Credit Union
Hawaii Hall 310E/310F,2,2,Hawaii Hall
Dole St. Ofc. 12,0,0,Dole St. Offices
Campus Security 5 (EHSO Training),0,0,Environmental Health & Safety Office
Dole St. Ofc. 10A,0,0,Dole St. Offices
Dance Studio 4,0,0,Dance Studio
Dance Studio Classroom,2,2,Dance Studio
Dance Studio Dance Floor,0,0,Dance Studio
Hawaii Hall 312,0,0,Hawaii Hall
Hawaii Hall 314B,0,0,Hawaii Hall
Hawaii Hall 126,0,0,Hawaii Hall
Hawaii Hall 311,0,0,Hawaii Hall
Hawaii Hall 310B,0,0,Hawaii Hall
Dole St. Ofc. 18 Hallway,1,1,Dole St. Offices
Dole St. Ofc. 14 Hallway,1,1,Dole St. Offices
Dole St. Ofc. 13,0,0,Dole St. Offices
Dole St. Ofc. 1,0,0,Dole St. Offices
Dole St. Ofc. 24,1,1,Dole St. Offices
Dole St. Ofc. 25,0,0,Dole St. Offices
Dole St. Ofc. 4 Hallway,0,0,Dole St. Offices
Dole St. Ofc. 7 Hallway,0,0,Dole St. Offices
Hawaii Hall 120 Hallway,0,0,Hawaii Hall
Hawaii Hall 130 Hallway,3,3,Hawaii Hall
Hawaii Hall 110,0,0,Hawaii Hall
Hawaii Hall 105 Hallway,0,0,Hawaii Hall
Hawaii Hall 107,0,0,Hawaii Hall
Hawaii Hall 116 Hallway,0,0,Hawaii Hall
Hawaii Hall 124,0,0,Hawaii Hall
Hawaii Hall 105,0,0,Hawaii Hall
Hawaii Hall 102,0,1,Hawaii Hall
Lower Campus 4-1 (AFROTC),0,0,Lower Campus
Wist Hall 208 Hallway,0,0,Wist Hall
Wist Hall 234,1,1,Wist Hall
Wist Hall 131,0,2,Wist Hall
Wist Hall 107 Hallway,0,2,Wist Hall
Wist Hall 233,0,1,Wist Hall
Wist Hall 236 Hallway,0,0,Wist Hall
Wist Hall 129,0,1,Wist Hall
Wist Hall 237 Hallway,1,1,Wist Hall
Wist Hall 130,0,3,Wist Hall
Wist Hall 134 Mauka,0,0,Wist Hall
Wist Hall 100 DH,3,3,Wist Hall
Wist Hall 134 Makai,0,0,Wist Hall
Wist Hall 125 Hallway,0,0,Wist Hall
Wist Hall 221 Hallway,0,0,Wist Hall
Wist Hall 226 Hallway,0,0,Wist Hall
Wist Hall 128,0,0,Wist Hall
Wist Hall 213 Hallway,0,0,Wist Hall
Everly 125,0,0,Everly
Everly 126,0,0,Everly
Everly 130,0,0,Everly
Everly 128,0,0,Everly
Everly 131,0,0,Everly
Stan Sheriff Hospitality Room DH,0,0,Stan Sheriff Center
Everly 123B,0,0,Everly
Everly 121,0,0,Everly
Everly 129,0,0,Everly
Stan Sheriff Hospitality Room Ewa,0,1,Stan Sheriff Center
Hawaii Hall 206,0,0,Hawaii Hall
CBA D301,0,0,Shidler CBA
Stan Sheriff Arena KK,0,0,Stan Sheriff Center
Laulima Common 102,2,2,Hale Laulima
Army ROTC 114,0,0,Army ROTC Portables
CBA C204,0,0,Shidler CBA
LowerCampus171H-37,0,0,Lower Campus
Noelani Building C Lounge,0,1,Noelani
CBA D201,1,1,Shidler CBA
Athletics Studio 2,0,0,Athletics
Wainani F 106,2,4,Wainani
Music 36,1,1,Music
Music 8,0,0,Music
Kahanamoku Pool B206,0,0,Kahanamoku Pool
Kahanamoku Pool B Lounge,0,0,Kahanamoku Pool
Temp Portables 103,1,1,Temporary Portables
Music 201,0,0,Music
George 345,0,0,George Hall
Hawaii Hall 209 Ewa,0,0,Hawaii Hall
CBA G301,0,0,Shidler CBA
LowerCampus171E-13 Hallway,1,1,Lower Campus
CBA G201,0,1,Shidler CBA
CBA A301,0,0,Shidler CBA
LowerCampus171E-15 Makai,1,1,Lower Campus
CBA C102,0,0,Shidler CBA
LowerCampus171E-15 Mauka,0,0,Lower Campus
LowerCampus171E-11 Hallway,0,2,Lower Campus
CBA E501 Ewa,0,0,Shidler CBA
LowerCampus171B-59,0,0,Lower Campus
George 301B,0,0,George Hall
Stan Sheriff 102,0,0,Stan Sheriff Center
Hawaii Hall 309,0,0,Hawaii Hall
CBA D203,0,0,Shidler CBA
Biomed B103 DH,0,0,Biomed
Kamakakuokalani 201,0,0,Hawaiian Studies (Kamakakuokalani)
Hawaii Hall 310F,0,0,Hawaii Hall
Hawaii Hall 211,0,0,Hawaii Hall
Biomed A110,0,0,Biomed
CBA E502,2,2,Shidler CBA
CBA G102 Mauka,2,2,Shidler CBA
Hawaii Hall 208,0,0,Hawaii Hall
CBA B101a,0,0,Shidler CBA
Kamakakuokalani 112,0,0,Hawaiian Studies (Kamakakuokalani)
St John 313 Hallway,0,0,St. John
CBA G202,1,3,Shidler CBA
Kamakakuokalani 207,0,0,Hawaiian Studies (Kamakakuokalani)
CBA D207,0,0,Shidler CBA
Architecture 205B Makai Ewa,0,0,Architecture Bldg
Kamakakuokalani 101AF,0,0,Hawaiian Studies (Kamakakuokalani)
Kamakakuokalani 209AA,0,0,Hawaiian Studies (Kamakakuokalani)
CBA D204,0,0,Shidler CBA
Gateway Ewa 107,0,0,Gateway
QLCSS 013LD,0,0,QLCSS
QLCSS 211,2,2,QLCSS
Dean Hall 208,1,1,Dean Hall
Gateway DH 305,2,2,Gateway
Gateway DH 502,0,0,Gateway
Gateway DH 505,3,4,Gateway
Gateway Ewa 608,0,0,Gateway
Gateway DH 206,0,0,Gateway
Gateway Ewa 510,5,5,Gateway
Gateway DH 800,0,1,Gateway
Gateway DH 902,0,0,Gateway
Gateway DH 1002,5,8,Gateway
Gateway Ewa 310,3,3,Gateway
Gateway Ewa 313,2,2,Gateway
Gateway Ewa 408,0,1,Gateway
Gateway Ewa 610,2,5,Gateway
Gateway DH 905,1,2,Gateway
Gateway DH 802,2,2,Gateway
Gateway Ewa 214,0,2,Gateway
Gateway DH 805,3,4,Gateway
Gateway Ewa 513,2,2,Gateway
Gateway DH 705,2,3,Gateway
Gateway Ewa 613,3,5,Gateway
Gateway Ewa 615,2,3,Gateway
Gateway Ewa 413,2,3,Gateway
Gateway DH 807,4,6,Gateway
Gateway Ewa 208,1,3,Gateway
Gateway DH 1005,3,5,Gateway
Gateway DH 602,2,4,Gateway
Gateway DH 200,1,2,Gateway
Gateway DH 302,3,4,Gateway
Gateway DH 1007,5,7,Gateway
Gateway DH 204,1,1,Gateway
Gateway DH 605,2,2,Gateway
Gateway DH 407,6,10,Gateway
Gateway DH 600,1,1,Gateway
Gateway DH 1000,1,2,Gateway
Gateway DH 607,2,2,Gateway
Gateway DH 402,2,2,Gateway
CBA E201,1,1,Shidler CBA
CBA E204,0,0,Shidler CBA
Gateway Ewa 713,1,2,Gateway
Gateway Ewa 1010,4,4,Gateway
Gateway Ewa 810,0,0,Gateway
Gateway Ewa 813,4,4,Gateway
Gateway Ewa 1015,5,6,Gateway
Gateway Ewa 1008,0,0,Gateway
Gateway Ewa 910,4,5,Gateway
Gateway Ewa 710,1,2,Gateway
Gateway Ewa 1013,3,6,Gateway
Gateway Ewa 808,0,0,Gateway
Gateway Ewa 815,1,2,Gateway
Gateway Ewa 913,3,3,Gateway
Biomed D104,0,0,Biomed
QLCSS 406F Hallway,0,2,QLCSS
Saunders 236,0,0,Saunders Hall
Kamakakuokalani 202,0,0,Hawaiian Studies (Kamakakuokalani)
Kamakakuokalani 208C,0,0,Hawaiian Studies (Kamakakuokalani)
Kamakakuokalani 103C,0,0,Hawaiian Studies (Kamakakuokalani)
Kamakakuokalani 211,1,1,Hawaiian Studies (Kamakakuokalani)
Law School 118,0,1,Law School
Stan Sheriff 100,1,5,Stan Sheriff Center
Hawaii Hall 202A,0,0,Hawaii Hall
Hawaii Hall 202C,0,1,Hawaii Hall
QLCSS 412,2,2,QLCSS
Law School 136,1,1,Law School
Stan Sheriff 101,1,2,Stan Sheriff Center
Crawford 322,3,3,Crawford Hall
Crawford 332,1,1,Crawford Hall
Crawford 302,1,1,Crawford Hall
Stan Sheriff 139 Weight Room,19,24,Stan Sheriff Center
QLCSS 113,2,2,QLCSS
College Hill 2nd Fl Makai,0,0,College Hill
College Hill Cottage,2,2,College Hill
Lokelani 659,2,3,Lokelani
Lokelani 663,1,1,Lokelani
Lokelani 553,4,6,Lokelani
Lokelani 655,2,3,Lokelani
Lokelani 557,6,10,Lokelani
Gilmore 107,0,0,Gilmore
Gilmore 605,0,0,Gilmore
Gilmore 106AA,1,1,Gilmore
Gilmore 115A,0,0,Gilmore
Gilmore 112 Hallway,0,0,Gilmore
Gilmore 212,0,0,Gilmore
Gilmore 110,0,0,Gilmore
Athletics 342 Hallway,4,7,Athletics
Law School 254,1,2,Law School
C-MORE 106 Hallway,0,0,C-MORE
PhyPlant193 107,0,4,Physical Plant
Law School 201,0,0,Law School
C-MORE 207,0,0,C-MORE
Hale Aloha-Cafeteria Ewa,2,4,Hale Aloha Cafe
St John 010B,2,2,St. John
CBA G102 Makai,2,3,Shidler CBA
Athletics 343 Hallway,2,3,Athletics
C-MORE 119 Hallway,1,1,C-MORE
C-MORE 109 Hallway,0,0,C-MORE
C-MORE 214B,1,1,C-MORE
C-MORE 220 Hallway,0,0,C-MORE
C-MORE 2 Conference Cntr DH,0,0,C-MORE
Music 3A Copy/Mail Rm,1,1,Music
Stan Sheriff Hospitality Room,0,1,Stan Sheriff Center
C-MORE 202 Hallway,0,0,C-MORE
Dean 105 (classroom),0,0,Dean Hall
St John 106,0,0,St. John
AFROTC 2-7B,0,0,AFROTC Portables
C-MORE 2 Conference Cntr Ewa,0,0,C-MORE
Hale Aloha-Cafeteria DH,1,3,Hale Aloha Cafe
Athletics 346 Hallway,1,2,Athletics
C-MORE 208 Hallway,0,0,C-MORE
C-MORE 115 Hallway,0,0,C-MORE
C-MORE 206,0,0,C-MORE
C-MORE 123 Hallway,0,0,C-MORE
C-MORE 201,0,0,C-MORE
Athletics 338 Hallway,0,1,Athletics
Law School 142 Seminar 6,0,0,Law School
C-MORE 3 Receiving,0,0,C-MORE
C-MORE 202,0,0,C-MORE
Crawford 105,0,0,Crawford Hall
C-MORE 204,0,0,C-MORE
Athletics 351 Hallway,1,4,Athletics
Kahanamoku Pool B108,1,1,Kahanamoku Pool
C-MORE 104 Outreach,0,0,C-MORE
C-MORE 202A,0,0,C-MORE
C-MORE 218,0,0,C-MORE
Athletics 345 Hallway,1,5,Athletics
CBA G103 Mauka,0,0,Shidler CBA